agricultural_afforestation/data/1000m/FP.txt
xllcorner     857533.25
NODATA_value     -9999.0
ncols     198
cellsize     1000
yllcorner     4281682.625
nrows     203
[rows 84 to 111 of 203, columns 64 to 127 of 198]
13.55872 91.57984 82.968 32.08096 1.10624 -9999.0 -9999.0 -9999.0 2.14368 13.57664 15.72032 13.57664 -9999.0 -9999.0 7.86016 0.71456 -9999.0 -9999.0 -9999.0 -9999.0 -9999.0 -9999.0 -9999.0 14.37792 2.69586 17.9724 10.78344 -9999.0 -9999.0 -9999.0 7.80164 -9999.0 7.80164 -9999.0 2.12772 19.85872 14.34902 8.7346 4.3673 3.49384 -9999.0 -9999.0 -9999.0 -9999.0 -9999.0 -9999.0 -9999.0 -9999.0 -9999.0 -9999.0 -9999.0 12.3454 222.2172 182.20358 119.02418 187.43222 197.96212 147.4186 79.19784 219.994 213.39418 164.9955 21.9994 -9999.0
29.0544 122.02848 7.74368 -9999.0 -9999.0 -9999.0 -9999.0 -9999.0 0.69504 10.27328 1.75712 11.19872 -9999.0 -9999.0 -9999.0 -9999.0 -9999.0 -9999.0 -9999.0 -9999.0 -9999.0 -9999.0 1.79724 56.61306 36.84342 30.55308 36.84342 -9999.0 -9999.0 -9999.0 -9999.0 -9999.0 -9999.0 -9999.0 -9999.0 -9999.0 -9999.0 -9999.0 11.35498 41.92608 10.48152 -9999.0 -9999.0 -9999.0 -9999.0 -9999.0 -9999.0 -9999.0 -9999.0 -9999.0 -9999.0 -9999.0 51.85068 114.23126 190.6275 210.598 115.8289 84.2392 8.79976 94.59742 151.79586 79.19784 -9999.0 -9999.0
51.5648 69.45664 4.75776 -9999.0 -9999.0 -9999.0 -9999.0 0.79296 15.3648 2.78016 7.64544 1.39008 -9999.0 -9999.0 -9999.0 -9999.0 -9999.0 -9999.0 -9999.0 -9999.0 -9999.0 -9999.0 -9999.0 24.26274 73.68684 44.03238 20.66826 2.69586 -9999.0 -9999.0 0.70924 14.89404 -9999.0 -9999.0 -9999.0 -9999.0 -9999.0 -9999.0 -9999.0 4.3673 27.95072 1.74692 -9999.0 -9999.0 9.98172 48.48264 44.20476 -9999.0 -9999.0 7.1298 -9999.0 -9999.0 -9999.0 -9999.0 160.05448 224.3958 122.14684 174.79634 116.31494 127.59652 134.19634 19.79946 -9999.0 -9999.0
12.024 52.9056 27.4176 13.48032 -9999.0 -9999.0 -9999.0 -9999.0 2.77536 2.08512 12.85824 1.7376 -9999.0 -9999.0 -9999.0 -9999.0 -9999.0 -9999.0 -9999.0 -9999.0 -9999.0 -9999.0 -9999.0 -9999.0 8.9862 63.80202 -9999.0 -9999.0 -9999.0 -9999.0 9.22012 28.3696 0.70924 -9999.0 -9999.0 -9999.0 -9999.0 -9999.0 -9999.0 -9999.0 -9999.0 -9999.0 17.4692 3.49384 7.1298 96.96528 15.68556 7.1298 77.00184 29.94516 -9999.0 -9999.0 -9999.0 14.81448 192.58824 239.2829 185.32624 191.64418 218.5846 204.59442 105.59712 6.59982 -9999.0 -9999.0
3.2064 54.5088 22.30656 1.58592 1.58592 -9999.0 -9999.0 5.55072 8.32608 5.90784 -9999.0 -9999.0 -9999.0 -9999.0 -9999.0 -9999.0 -9999.0 -9999.0 -9999.0 -9999.0 -9999.0 -9999.0 -9999.0 -9999.0 17.9724 33.24894 -9999.0 -9999.0 -9999.0 -9999.0 -9999.0 4.25544 29.78808 39.0082 -9999.0 -9999.0 -9999.0 -9999.0 -9999.0 -9999.0 -9999.0 6.98768 60.26874 28.82418 -9999.0 -9999.0 -9999.0 -9999.0 -9999.0 -9999.0 -9999.0 -9999.0 59.25792 101.23228 160.4902 234.5626 172.1094 116.5551 115.18742 116.19053 107.79706 28.59922 5.38095 50.2222
10.4208 69.7392 21.1344 -9999.0 -9999.0 -9999.0 -9999.0 2.37888 3.56832 -9999.0 -9999.0 -9999.0 -9999.0 -9999.0 -9999.0 -9999.0 -9999.0 -9999.0 -9999.0 -9999.0 -9999.0 -9999.0 -9999.0 -9999.0 2.88087 26.05998 15.27654 23.36412 0.89862 -9999.0 -9999.0 21.2772 30.49732 37.58972 35.462 0.70924 -9999.0 -9999.0 14.84882 2.62038 12.22844 -9999.0 47.16684 66.38296 30.99746 -9999.0 -9999.0 -9999.0 -9999.0 8.55576 11.40768 37.49248 129.31356 192.049 188.11928 194.43104 161.24576 167.99312 119.8068 84.30155 -9999.0 16.14285 141.69835 93.2698
30.4608 73.7472 18.42816 -9999.0 -9999.0 -9999.0 -9999.0 0.79296 -9999.0 -9999.0 -9999.0 -9999.0 -9999.0 -9999.0 -9999.0 -9999.0 -9999.0 -9999.0 -9999.0 -9999.0 -9999.0 -9999.0 -9999.0 -9999.0 -9999.0 -9999.0 14.37792 42.23514 40.4379 20.66826 36.46092 42.5544 4.96468 -9999.0 19.14948 38.29896 -9999.0 -9999.0 6.98768 17.4692 51.53414 21.8365 46.58986 52.3141 29.57966 -9999.0 -9999.0 -9999.0 -9999.0 28.40292 50.51754 115.03288 148.6225 100.606 50.303 141.763 226.3635 196.639 115.226 3.89655 26.90475 134.52375 165.0158 14.3492
12.024 11.2224 -9999.0 0.39648 -9999.0 -9999.0 -9999.0 -9999.0 -9999.0 -9999.0 -9999.0 -9999.0 -9999.0 -9999.0 -9999.0 0.30408 0.22806 -9999.0 -9999.0 -9999.0 -9999.0 -9999.0 -9999.0 -9999.0 -9999.0 -9999.0 -9999.0 -9999.0 16.17516 34.14756 0.89862 -9999.0 -9999.0 -9999.0 -9999.0 10.6386 18.67688 -9999.0 -9999.0 -9999.0 5.63074 62.54708 53.4225 47.0118 4.2738 -9999.0 -9999.0 -9999.0 -9999.0 -9999.0 -9999.0 52.5895 116.6115 157.7685 45.73 192.066 228.65 118.898 25.1515 28.6984 121.9682 179.365 96.8571 3.5873
-9999.0 -9999.0 -9999.0 -9999.0 -9999.0 -9999.0 -9999.0 -9999.0 -9999.0 -9999.0 -9999.0 -9999.0 -9999.0 -9999.0 -9999.0 2.58468 0.30408 -9999.0 -9999.0 -9999.0 -9999.0 -9999.0 -9999.0 -9999.0 -9999.0 -9999.0 -9999.0 -9999.0 -9999.0 -9999.0 -9999.0 -9999.0 -9999.0 -9999.0 -9999.0 -9999.0 -9999.0 -9999.0 -9999.0 -9999.0 27.7797 132.4878 98.2974 -9999.0 -9999.0 -9999.0 -9999.0 -9999.0 -9999.0 -9999.0 4.02084 100.44314 166.9145 166.9145 212.6445 178.347 201.212 196.639 19.88675 166.80945 156.04755 179.365 95.06345 7.1746
-9999.0 -9999.0 -9999.0 -9999.0 -9999.0 -9999.0 -9999.0 -9999.0 -9999.0 -9999.0 -9999.0 -9999.0 -9999.0 -9999.0 0.7602 3.11682 -9999.0 -9999.0 -9999.0 -9999.0 2.38686 1.8725 -9999.0 -9999.0 -9999.0 -9999.0 -9999.0 -9999.0 -9999.0 -9999.0 -9999.0 -9999.0 -9999.0 -9999.0 -9999.0 -9999.0 -9999.0 -9999.0 -9999.0 -9999.0 49.1487 57.6963 87.6129 108.9819 -9999.0 -9999.0 -9999.0 -9999.0 -9999.0 14.07294 44.22924 72.37512 -9999.0 123.471 121.1845 146.336 194.3525 112.0385 37.2824 136.3174 138.11105 100.4444 92.21835 71.0038
-9999.0 -9999.0 -9999.0 -9999.0 -9999.0 -9999.0 -9999.0 -9999.0 -9999.0 -9999.0 -9999.0 -9999.0 3.55992 5.94895 12.23257 2.47989 -9999.0 -9999.0 0.1498 -9999.0 0.8988 0.6741 -9999.0 -9999.0 -9999.0 -9999.0 -9999.0 -9999.0 -9999.0 -9999.0 -9999.0 -9999.0 -9999.0 -9999.0 -9999.0 -9999.0 -9999.0 -9999.0 -9999.0 -9999.0 40.6011 29.9166 34.1904 83.3391 32.0535 60.3126 62.32302 -9999.0 -9999.0 88.45848 96.50016 52.27092 -9999.0 52.5895 180.6335 121.1845 217.2175 41.157 46.806 104.0317 147.0793 69.70495 77.931 156.4805
-9999.0 -9999.0 -9999.0 -9999.0 -9999.0 -9999.0 -9999.0 0.134820014 0.943740098 0.337050035 -9999.0 -9999.0 0.5173 18.1055 17.5882 -9999.0 4.39705 0.3745 0.9737 -9999.0 -9999.0 -9999.0 -9999.0 -9999.0 -9999.0 -9999.0 0.5229 0.41832 1.25496 -9999.0 -9999.0 -9999.0 -9999.0 -9999.0 -9999.0 -9999.0 -9999.0 -9999.0 -9999.0 -9999.0 83.3391 209.4162 213.69 132.4878 32.0535 147.1401 18.09378 4.02084 4.02084 -9999.0 -9999.0 16.08336 24.59934 91.46 160.055 155.482 192.066 64.56 186.08075 180.44895 179.30315 152.151 169.7164 117.7624
-9999.0 -9999.0 -9999.0 -9999.0 -9999.0 -9999.0 -9999.0 -9999.0 0.269640028 0.067410007 -9999.0 -9999.0 10.346 12.9325 15.26035 17.5882 9.57005 4.21435 1.3482 0.0749 -9999.0 -9999.0 -9999.0 -9999.0 -9999.0 0.20916 3.55572 1.46412 -9999.0 -9999.0 -9999.0 -9999.0 -9999.0 -9999.0 -9999.0 -9999.0 -9999.0 -9999.0 -9999.0 -9999.0 113.2557 76.9284 153.8568 162.4044 130.3509 175.04628 126.65646 82.42722 128.66688 114.59394 130.6773 124.64604 147.94998 224.077 194.3525 112.0385 91.3255 167.587 167.587 118.12 151.47065 119.4942 138.544 93.5172
-9999.0 -9999.0 -9999.0 -9999.0 -9999.0 -9999.0 -9999.0 -9999.0 -9999.0 -9999.0 -9999.0 -9999.0 -9999.0 -9999.0 6.46625 14.74305 21.2093 6.9846 0.0749 -9999.0 -9999.0 -9999.0 -9999.0 -9999.0 1.88244 2.71908 4.1832 0.31374 -9999.0 -9999.0 -9999.0 -9999.0 -9999.0 -9999.0 -9999.0 -9999.0 -9999.0 -9999.0 -9999.0 -9999.0 80.448 129.7224 122.6832 201.2457 213.69 51.65178 58.30218 52.27092 72.37512 134.69814 48.25008 180.58302 183.15358 150.909 201.212 18.292 94.15 116.746 118.629 110.2444 173.18 173.18 173.18 137.802
-9999.0 -9999.0 -9999.0 -9999.0 -9999.0 -9999.0 -9999.0 -9999.0 -9999.0 -9999.0 -9999.0 1.29325 5.173 0.25865 14.4844 16.0363 17.32955 7.91735 2.4717 0.5992 -9999.0 -9999.0 -9999.0 -9999.0 -9999.0 1.46412 1.46412 -9999.0 -9999.0 -9999.0 -9999.0 -9999.0 -9999.0 -9999.0 -9999.0 -9999.0 -9999.0 -9999.0 -9999.0 2.1369 132.4878 164.4156 102.0684 177.8655 113.0043 70.90464 39.49884 42.21882 52.0344 158.94144 149.36238 159.41448 151.3791 150.909 41.157 24.59828 157.36252 149.77088 160.79616 202.5674 204.974 125.9286 60.3666 209.8614
-9999.0 -9999.0 -9999.0 -9999.0 -9999.0 -9999.0 -9999.0 -9999.0 -9999.0 -9999.0 -9999.0 -9999.0 2.5865 15.26035 19.91605 12.9325 21.7266 9.01285 1.3482 -9999.0 -9999.0 -9999.0 -9999.0 -9999.0 -9999.0 -9999.0 -9999.0 -9999.0 -9999.0 -9999.0 -9999.0 -9999.0 -9999.0 -9999.0 -9999.0 -9999.0 -9999.0 -9999.0 6.4107 158.1306 187.9215 160.5189 87.99 170.7006 160.1418 109.18992 101.42190084 176.9275842 149.68038728 87.96816252 172.0572112 85.95552476 157.1601515 77.48226 -9999.0 104.90256 178.72288 120.44368 186.49344 196.56616 123.0222 164.0296 137.4954 159.2052
-9999.0 -9999.0 -9999.0 -9999.0 -9999.0 -9999.0 -9999.0 -9999.0 -9999.0 -9999.0 -9999.0 -9999.0 1.81055 17.5882 25.60635 16.0363 20.1747 8.2908 2.996 0.5243 -9999.0 -9999.0 -9999.0 -9999.0 -9999.0 -9999.0 -9999.0 -9999.0 -9999.0 -9999.0 -9999.0 -9999.0 -9999.0 -9999.0 -9999.0 -9999.0 -9999.0 2.2939 7.68844937 162.3879 81.858 58.716 205.8504 189.5334 204.7332 219.34416952 116.05777456 183.01418296 223.188028 156.2316196 176.31854212 207.56486604 87.52159098 -9999.0 50.50864 141.81272 163.18176 42.73808 188.43608 83.93868 14.4732 173.6784 147.1442 205.037
0.08498 -9999.0 -9999.0 -9999.0 -9999.0 -9999.0 -9999.0 -9999.0 -9999.0 -9999.0 -9999.0 0.25865 14.22575 16.81225 15.519 13.19115 24.05445 15.05665 2.9211 0.0749 -9999.0 -9999.0 -9999.0 -9999.0 -9999.0 -9999.0 -9999.0 0.73206 0.10458 -9999.0 -9999.0 -9999.0 -9999.0 -9999.0 0.55544993 -9999.0 -9999.0 11.1089986 118.73923677 192.6288 98.6076 149.058 149.058 229.32 229.32 227.84832672 183.01418296 200.8692252 223.188028 185.24606324 98.20273232 165.15914072 128.00285484 66.04976 15.54112 137.92744 190.37872 60.22184 122.38632 150.79876 224.3346 192.976 190.5638 118.1978
0.08498 -9999.0 0.38241 -9999.0 -9999.0 -9999.0 -9999.0 -9999.0 -9999.0 -9999.0 -9999.0 11.12195 20.1747 17.5882 17.32955 22.50255 6.98355 4.91435 0.1498 0.2996 -9999.0 -9999.0 -9999.0 -9999.0 -9999.0 -9999.0 17.82368 15.42709 28.1421 -9999.0 -9999.0 8.89384993 18.88529762 32.21609594 44.99144433 26.10614671 22.2179972 131.08618348 187.273779 204.0948 208.6812 222.4404 194.922 130.7124 224.7336 104.93532252 156.2316196 216.49238716 158.46349988 11.1594014 140.60845764 31.24632392 30.95708364 5.82792 31.08224 27.19696 184.5508 155.4112 40.79544 1.94264 168.854 185.7394 168.854 241.22
-9999.0 0.76482 0.21245 -9999.0 -9999.0 -9999.0 -9999.0 -9999.0 -9999.0 -9999.0 -9999.0 14.22575 18.84477 18.75307 19.00255 21.53403 21.97797 10.43042 -9999.0 1.715 -9999.0 -9999.0 -9999.0 -9999.0 -9999.0 -9999.0 32.83245 29.70555 40.12855 10.423 17.19795 7.36469986 22.2179972 45.54689426 47.76869398 28.88339636 55.544993 202.18377452 222.39417284 229.32 220.1472 217.854 146.7648 91.728 169.6968 222.4404 78.1158098 198.63734492 185.24606324 98.20273232 178.5504224 22.3188028 -9999.0 -9999.0 147.64064 50.50864 151.52592 38.8528 -9999.0 75.76296 234.0478 219.5102 219.5102 147.1442
-9999.0 0.08498 -9999.0 -9999.0 -9999.0 -9999.0 -9999.0 -9999.0 -9999.0 -9999.0 20.02399 44.6957 41.15853 28.45528 39.63414 13.21138 1.01626 0.50813 5.57375 28.72625 2.14375 -9999.0 -9999.0 -9999.0 -9999.0 -9999.0 27.0998 34.91705 39.08625 47.42465 39.6074 3.64805 45.51259433 42.21419468 41.65874475 33.3269958 143.86153187 154.41508054 175.52217788 176.00519776 13.7592 130.7124 -9999.0 41.2776 107.7804 229.32 40.3578042 49.10136616 142.84033792 185.24606324 109.36213372 145.0722182 51.33324644 -9999.0 159.29648 184.5508 134.04216 -9999.0 -9999.0 99.07464 125.5632 33.7708 183.3272 183.3272
-9999.0 -9999.0 -9999.0 -9999.0 2.44195 -9999.0 -9999.0 -9999.0 -9999.0 -9999.0 18.07043 46.08191 33.02845 29.97967 4.06504 -9999.0 -9999.0 -9999.0 6.86 24.8675 32.15625 15.00625 22.72375 10.29 -9999.0 -9999.0 10.94415 9.3807 16.6768 20.846 46.9035 11.98645 53.36414426 54.43409314 15.55259804 41.10329482 161.63592963 33.3269958 175.52217788 138.38579412 100.9008 171.99 169.6968 128.4192 75.6756 133.0056 177.72889568 20.08692252 89.2752112 196.40546464 82.57957036 169.62290128 6.69564084 11.65584 165.1244 139.87008 25.25432 3.88528 -9999.0 54.39392 146.93224 144.732 229.159 48.244
-9999.0 -9999.0 -9999.0 -9999.0 12.20975 14.16331 -9999.0 -9999.0 -9999.0 -9999.0 -9999.0 21.28224 5.58943 3.04878 -9999.0 -9999.0 -9999.0 -9999.0 -9999.0 -9999.0 30.44125 23.1525 40.73125 36.8725 30.44125 8.6674 11.4653 48.46695 16.6768 20.846 52.115 48.9881 37.94874594 34.99334559 1.11089986 19.99619748 91.09378852 104.98003677 191.07477592 177.7985958 165.1104 229.32 194.922 158.2308 204.0948 213.2676 124.71564644 189.7098238 15.62316196 185.24606324 49.10136616 162.92726044 -9999.0 58.15404364 116.5584 110.73048 50.50864 75.76296 46.62336 143.75536 112.28672 139.9076 241.22 62.7172
-9999.0 -9999.0 0.25165 11.5759 30.19254 8.30263 -9999.0 -9999.0 -9999.0 -9999.0 0.97678 18.23346 13.71951 29.97967 3.04878 -9999.0 -9999.0 -9999.0 1.28625 17.57875 0.8575 9.4325 9.4325 12.8625 1.715 2.0846 7.2961 35.95935 46.38235 27.0998 33.87475 47.9458 54.10439594 36.65969538 21.10709734 39.99239496 41.10329482 49.43504377 197.74017508 178.02118768 130.7124 229.32 174.2832 66.5028 167.4036 229.32 205.36993512 156.2316196 17.85504224 223.188028 124.98529568 26.78256336 37.94196476 180.0828526 71.87768 67.9924 40.79544 33.02488 134.04216 114.93776 101.28832 153.10876 167.00376 195.0088
-9999.0 -9999.0 11.5759 19.37705 21.14987 4.39551 21.00077 29.79179 -9999.0 -9999.0 2.93034 36.50129 36.58536 24.89837 4.06504 -9999.0 -9999.0 -9999.0 7.44751 18.865 20.58 23.58125 38.5875 34.3 31.7275 14.12285 44.29775 45.34005 28.66325 28.1421 34.91705 26.57865 33.68994825 52.76774335 55.544993 42.76964461 24.43979692 21.10709734 203.85012431 121.97639272 110.0736 229.32 229.32 188.0424 210.9744 199.5084 219.86497176 178.5504224 82.57957036 160.69538016 93.73897176 84.08876644 117.8903698 205.33969064 140.16016 169.11748 33.65824 25.24368 117.80384 172.49848 138.8772 158.46264 91.8624 121.71768
-9999.0 -9999.0 6.0396 7.29785 3.67038 18.07043 27.83823 4.39551 -9999.0 -9999.0 12.20975 36.7528 14.22764 13.21138 11.17886 21.84959 -9999.0 17.78455 44.16027 38.5875 26.5825 33.01375 30.87 12.43375 19.29375 37.9295 50.55155 26.57865 18.7614 6.2538 5.2115 16.15565 6.2538 47.76869398 48.87959384 32.21609594 -9999.0 27.7724965 125.53168418 8.88719888 91.728 188.0424 185.75452 117.06492 197.36948 142.32736 206.56720364 187.78928448 16.37776 200.6734814 168.45696 229.28864 222.2696 166.76324 159.87664 149.35844 143.04752 56.79828 71.52376 98.87108 74.8034 227.35944 229.656 199.80072
-9999.0 -9999.0 -9999.0 -9999.0 8.79102 20.51238 28.32662 4.39551 3.41873 19.5356 44.93188 30.38399 42.17479 11.68699 32.52032 36.07723 19.30894 31.50406 15.84758 29.58375 42.0175 38.5875 25.29625 8.575 29.58375 34.95415 42.21315 31.79015 37.5228 0.52115 -9999.0 -9999.0 11.04704979 19.92815769 23.61218783 31.41116678 19.91660937 84.6997151 185.540873 29.04356 174.64496 202.2538 50.56744 73.55264 179.28456 197.67272 230.59288 177.81568 46.7936 91.24752 168.45696 177.81568 173.13632 230.4274 88.35288 61.00556 168.2912 208.26036 134.63296 149.35844 96.76744 84.97272 167.64888 130.90392
-9999.0 -9999.0 -9999.0 1.25825 11.23479 15.62848 40.53637 30.76857 41.02476 24.4195 36.62925 5.93964 24.89837 26.93089 35.5691 10.1626 37.09349 49.79674 46.84351 38.15875 42.875 42.875 28.2975 23.1525 28.2975 35.88339986 38.62760853 38.36552769 41.81701706 36.51815678 0.99861986 32.47698552 40.1980551 12.78648 41.02329 40.49052 41.55606 28.76958 169.42086 107.3912 229.852 126.4186 66.65708 52.86596 64.35856 91.9408 195.62116 63.17136 30.41584 21.05712 133.36176 11.6984 98.26656 211.96672 33.65824 -9999.0 -9999.0 18.93276 109.38928 92.56016 21.0364 222.5734 165.35232 195.2076
