agricultural_afforestation/data/1000m/FP.txt
xllcorner     857533.25
NODATA_value     -9999.0
ncols     198
cellsize     1000
yllcorner     4281682.625
nrows     203
[rows 140 to 167 of 203, columns 64 to 127 of 198]
-9999.0 -9999.0 -9999.0 -9999.0 -9999.0 -9999.0 -9999.0 -9999.0 -9999.0 -9999.0 -9999.0 -9999.0 -9999.0 -9999.0 -9999.0 -9999.0 -9999.0 -9999.0 -9999.0 -9999.0 -9999.0 -9999.0 -9999.0 -9999.0 -9999.0 -9999.0 -9999.0 -9999.0 -9999.0 -9999.0 -9999.0 -9999.0 -9999.0 -9999.0 -9999.0 -9999.0 -9999.0 -9999.0 -9999.0 -9999.0 -9999.0 -9999.0 -9999.0 -9999.0 -9999.0 -9999.0 0.0 0.0 0.0 0.0 0.0 -9999.0 16.686 16.686 -9999.0 -9999.0 -9999.0 -9999.0 -9999.0 -9999.0 -9999.0 34.7616048 44.9004062 104.2848144
-9999.0 -9999.0 -9999.0 -9999.0 -9999.0 -9999.0 -9999.0 -9999.0 -9999.0 -9999.0 -9999.0 -9999.0 -9999.0 -9999.0 -9999.0 -9999.0 -9999.0 -9999.0 -9999.0 -9999.0 -9999.0 -9999.0 -9999.0 -9999.0 -9999.0 -9999.0 -9999.0 -9999.0 -9999.0 -9999.0 -9999.0 -9999.0 -9999.0 -9999.0 -9999.0 -9999.0 -9999.0 -9999.0 -9999.0 -9999.0 -9999.0 -9999.0 -9999.0 -9999.0 -9999.0 -9999.0 -9999.0 0.0 0.0 0.0 0.0 0.0 0.0 16.686 -9999.0 -9999.0 -9999.0 -9999.0 -9999.0 -9999.0 -9999.0 -9999.0 5.7936008 65.178009
-9999.0 -9999.0 0.97597 -9999.0 -9999.0 1.61483 2.07621 -9999.0 -9999.0 -9999.0 -9999.0 -9999.0 -9999.0 -9999.0 -9999.0 -9999.0 -9999.0 -9999.0 -9999.0 -9999.0 -9999.0 -9999.0 -9999.0 -9999.0 -9999.0 -9999.0 -9999.0 -9999.0 -9999.0 -9999.0 -9999.0 -9999.0 -9999.0 -9999.0 -9999.0 -9999.0 -9999.0 -9999.0 -9999.0 -9999.0 -9999.0 -9999.0 -9999.0 -9999.0 -9999.0 -9999.0 -9999.0 0.0 0.0 0.0 0.0 0.0 0.0 88.4358 30.0348 21.6918 -9999.0 24.6228034 7.242001 -9999.0 -9999.0 -9999.0 2.8968004 114.4236158
0.201790017 -9999.0 8.53553 3.69104 -9999.0 -9999.0 0.46138 -9999.0 -9999.0 -9999.0 -9999.0 -9999.0 -9999.0 -9999.0 -9999.0 -9999.0 -9999.0 -9999.0 -9999.0 -9999.0 -9999.0 -9999.0 -9999.0 -9999.0 -9999.0 -9999.0 -9999.0 -9999.0 -9999.0 -9999.0 -9999.0 -9999.0 -9999.0 -9999.0 -9999.0 -9999.0 -9999.0 -9999.0 -9999.0 -9999.0 -9999.0 -9999.0 -9999.0 -9999.0 -9999.0 -9999.0 -9999.0 -9999.0 0.0 0.0 0.0 0.0 0.0 50.058 146.8368 75.087 -9999.0 32.7456036 37.6584052 37.6584052 -9999.0 -9999.0 -9999.0 30.4164042
-9999.0 2.99897 4.84449 4.84449 0.69207 -9999.0 -9999.0 -9999.0 -9999.0 -9999.0 -9999.0 -9999.0 -9999.0 -9999.0 -9999.0 -9999.0 -9999.0 -9999.0 -9999.0 -9999.0 -9999.0 -9999.0 -9999.0 -9999.0 -9999.0 -9999.0 -9999.0 -9999.0 -9999.0 -9999.0 -9999.0 -9999.0 -9999.0 -9999.0 -9999.0 -9999.0 -9999.0 -9999.0 -9999.0 -9999.0 -9999.0 -9999.0 -9999.0 -9999.0 -9999.0 -9999.0 -9999.0 -9999.0 0.0 0.0 0.0 0.0 28.3662 78.4242 128.4822 128.4822 26.6976 125.6196026 66.6264092 75.3168104 -9999.0 -9999.0 -9999.0 24.6228034
-9999.0 2.53759 5.99794 12.45726 6.69001 0.46138 -9999.0 -9999.0 -9999.0 -9999.0 -9999.0 -9999.0 -9999.0 -9999.0 -9999.0 -9999.0 -9999.0 -9999.0 -9999.0 -9999.0 -9999.0 -9999.0 -9999.0 -9999.0 -9999.0 -9999.0 -9999.0 -9999.0 -9999.0 -9999.0 -9999.0 -9999.0 -9999.0 -9999.0 -9999.0 -9999.0 -9999.0 -9999.0 -9999.0 -9999.0 -9999.0 -9999.0 -9999.0 -9999.0 -9999.0 -9999.0 -9999.0 -9999.0 -9999.0 0.0 0.0 0.0 73.4184 128.4822 16.686 115.1334 151.8426 166.1994006 144.5544186 93.4116094 55.712404 76.7856038 39.5760008 22.5216
-9999.0 -9999.0 5.76725 3.46035 5.76725 9.91967 -9999.0 -9999.0 -9999.0 -9999.0 -9999.0 -9999.0 -9999.0 -9999.0 -9999.0 -9999.0 -9999.0 -9999.0 -9999.0 -9999.0 -9999.0 -9999.0 -9999.0 -9999.0 -9999.0 -9999.0 -9999.0 -9999.0 -9999.0 -9999.0 -9999.0 -9999.0 -9999.0 -9999.0 -9999.0 -9999.0 -9999.0 -9999.0 -9999.0 -9999.0 -9999.0 -9999.0 -9999.0 -9999.0 -9999.0 -9999.0 -9999.0 -9999.0 -9999.0 8.026 0.0 1.4694 73.2942 59.3478 29.388 125.1474 64.3794 147.936 141.3162 106.9776 30.9672 74.6028 42.228 122.4612
-9999.0 -9999.0 5.07518 9.2276 7.38208 3.69104 -9999.0 -9999.0 -9999.0 -9999.0 -9999.0 -9999.0 -9999.0 -9999.0 -9999.0 -9999.0 -9999.0 -9999.0 -9999.0 -9999.0 -9999.0 -9999.0 -9999.0 -9999.0 -9999.0 -9999.0 -9999.0 -9999.0 -9999.0 -9999.0 -9999.0 -9999.0 -9999.0 -9999.0 -9999.0 -9999.0 -9999.0 -9999.0 -9999.0 -9999.0 -9999.0 -9999.0 -9999.0 -9999.0 -9999.0 -9999.0 -9999.0 -9999.0 3.2328 106.6824 74.3544 54.9558 108.7356 117.552 94.0416 129.3072 141.0624 111.6744 89.2968 57.7116 70.38 -9999.0 53.4888 63.342
0.63070017 -9999.0 0.69207 3.22966 -9999.0 -9999.0 -9999.0 -9999.0 -9999.0 -9999.0 0.97344 -9999.0 1.09512 3.52872 4.74552 3.16368 2.4963 -9999.0 -9999.0 -9999.0 -9999.0 -9999.0 -9999.0 -9999.0 -9999.0 -9999.0 -9999.0 -9999.0 -9999.0 -9999.0 -9999.0 -9999.0 -9999.0 -9999.0 -9999.0 -9999.0 -9999.0 -9999.0 -9999.0 -9999.0 -9999.0 -9999.0 -9999.0 -9999.0 -9999.0 -9999.0 -9999.0 -9999.0 -9999.0 61.4232 161.64 150.909 102.858 79.3476 139.593 79.3476 146.94 74.9394 42.846 91.494 54.8964 -9999.0 43.6356 50.6736
0.126140034 -9999.0 -9999.0 -9999.0 -9999.0 -9999.0 -9999.0 -9999.0 -9999.0 1.4873 4.2588 1.2168 9.61272 8.76096 5.59728 8.15256 9.81878 3.82766 -9999.0 -9999.0 -9999.0 -9999.0 -9999.0 -9999.0 -9999.0 -9999.0 -9999.0 -9999.0 -9999.0 -9999.0 -9999.0 -9999.0 -9999.0 -9999.0 -9999.0 -9999.0 -9999.0 -9999.0 -9999.0 -9999.0 -9999.0 -9999.0 -9999.0 -9999.0 -9999.0 -9999.0 -9999.0 -9999.0 -9999.0 17.7804 140.6268 139.0074 138.1236 86.6946 51.429 73.47 29.388 38.2044 117.7098 115.4232 91.494 -9999.0 47.8584 68.9724
-9999.0 -9999.0 -9999.0 -9999.0 -9999.0 -9999.0 -9999.0 -9999.0 1.24844 9.50596 7.54416 7.9092 11.80296 11.43792 7.66584 9.58588 5.08696 2.40022 -9999.0 -9999.0 -9999.0 -9999.0 -9999.0 -9999.0 -9999.0 -9999.0 -9999.0 -9999.0 -9999.0 -9999.0 -9999.0 -9999.0 -9999.0 -9999.0 -9999.0 -9999.0 -9999.0 -9999.0 -9999.0 -9999.0 -9999.0 -9999.0 -9999.0 -9999.0 -9999.0 -9999.0 -9999.0 -9999.0 -9999.0 -9999.0 -9999.0 4.4082 29.388 47.0208 130.7766 70.5312 13.2246 -9999.0 27.177 29.5596 21.114 42.228 70.38 91.494
-9999.0 -9999.0 -9999.0 -9999.0 -9999.0 -9999.0 -9999.0 16.02964 25.79482 12.1874 13.38588 10.26264 11.56766 14.05566 5.4425 7.775 10.852 7.6896 0.9968 -9999.0 -9999.0 -9999.0 -9999.0 -9999.0 -9999.0 -9999.0 -9999.0 -9999.0 -9999.0 -9999.0 -9999.0 -9999.0 -9999.0 -9999.0 -9999.0 -9999.0 -9999.0 -9999.0 -9999.0 -9999.0 -9999.0 -9999.0 -9999.0 -9999.0 -9999.0 -9999.0 -9999.0 -9999.0 -9999.0 -9999.0 -9999.0 -9999.0 32.3268 96.9804 136.6542 102.858 48.4902 57.3066 125.9838 104.1624 70.38 92.9016 90.0864 122.4612
-9999.0 -9999.0 -9999.0 -9999.0 -9999.0 -9999.0 5.68344 75.7792 51.2624 13.1267 11.507 14.7725 10.885 10.4185 3.421 9.33 4.8712 2.2784 5.9808 -9999.0 -9999.0 -9999.0 -9999.0 -9999.0 -9999.0 -9999.0 -9999.0 -9999.0 -9999.0 -9999.0 -9999.0 -9999.0 -9999.0 -9999.0 -9999.0 -9999.0 -9999.0 -9999.0 -9999.0 -9999.0 -9999.0 -9999.0 -9999.0 -9999.0 -9999.0 -9999.0 -9999.0 -9999.0 -9999.0 -9999.0 1.6164 93.6036 129.3072 102.858 130.7766 52.8984 123.4296 79.3476 98.9304 132.3144 30.9672 109.7928 80.2332 99.9396
-9999.0 -9999.0 -9999.0 -9999.0 7.57792 22.73376 119.35224 134.50808 138.29704 57.66122 9.641 12.129 9.019 2.488 -9999.0 -9999.0 5.2705 2.4208 -9999.0 -9999.0 -9999.0 -9999.0 -9999.0 -9999.0 -9999.0 -9999.0 -9999.0 -9999.0 -9999.0 -9999.0 -9999.0 -9999.0 -9999.0 -9999.0 -9999.0 -9999.0 -9999.0 -9999.0 -9999.0 -9999.0 -9999.0 -9999.0 -9999.0 -9999.0 -9999.0 -9999.0 -9999.0 -9999.0 -9999.0 -9999.0 -9999.0 9.2574 110.205 123.4296 127.8378 57.3066 98.4498 102.858 117.3048 91.494 23.9292 77.418 66.1572 101.3472
-9999.0 -9999.0 -9999.0 -9999.0 32.20616 58.72888 157.24184 53.04544 92.82952 47.1547 10.4185 4.1985 4.8205 -9999.0 -9999.0 -9999.0 0.712 7.9744 1.1392 -9999.0 -9999.0 -9999.0 -9999.0 -9999.0 -9999.0 -9999.0 -9999.0 -9999.0 -9999.0 -9999.0 -9999.0 -9999.0 -9999.0 -9999.0 -9999.0 -9999.0 -9999.0 -9999.0 86.5334 -9999.0 -9999.0 -9999.0 30.5412 81.4432 -9999.0 -9999.0 -9999.0 -9999.0 -9999.0 -9999.0 -9999.0 46.7286 117.552 130.7766 101.3886 82.2864 126.3684 70.5312 80.817 117.078 36.5976 71.7876 141.408 105.6744
-9999.0 -9999.0 -9999.0 -9999.0 26.52272 62.51784 128.82464 123.1412 56.8344 18.28658 13.5285 9.641 8.5525 6.6865 6.0645 7.153 7.2544 8.1168 0.9968 48.416 55.6784 48.416 -9999.0 -9999.0 -9999.0 -9999.0 -9999.0 -9999.0 -9999.0 -9999.0 -9999.0 -9999.0 -9999.0 -9999.0 -9999.0 -9999.0 -9999.0 -9999.0 134.8903 180.7021 7.6353 106.8942 145.0707 175.6119 25.451 -9999.0 -9999.0 -9999.0 -9999.0 -9999.0 -9999.0 54.9576 131.5116 48.4422 78.7236 134.0328 132.2274 33.6042 18.7182 140.1072 149.724 85.8492 133.3728 136.404
18.1645 -9999.0 -9999.0 -9999.0 -9999.0 -9999.0 1.89448 111.77432 71.99024 31.87988 11.507 87.5465 106.362 33.277 7.3085 8.708 58.6657 26.344 31.4704 125.8816 31.4704 48.416 53.2576 -9999.0 -9999.0 -9999.0 -9999.0 -9999.0 -9999.0 -9999.0 -9999.0 -9999.0 -9999.0 -9999.0 -9999.0 -9999.0 30.59979 44.72277 106.32039 25.451 43.2667 211.2433 155.2511 27.9961 -9999.0 -9999.0 -9999.0 -9999.0 -9999.0 1.5161998 91.8737898 113.5013878 76.6877996 85.284 51.1704 54.0132 81.0198 85.284 -9999.0 46.9836 151.56 127.3104 139.4352 130.3416
22.52398 -9999.0 -9999.0 -9999.0 -9999.0 -9999.0 -9999.0 -9999.0 22.73376 124.59538 107.7615 169.184 82.5705 22.2365 4.665 10.1075 19.904 94.4112 116.1984 179.1392 -9999.0 29.0496 67.7824 -9999.0 -9999.0 -9999.0 -9999.0 -9999.0 -9999.0 -9999.0 -9999.0 -9999.0 -9999.0 72.96873 56.49192 30.59979 80.03022 193.46418 242.59545318 71.92371504 89.73941504 235.07825109 211.39548737 82.48819977 -9999.0 -9999.0 14.10065814 65.65145134 8.41490889 54.5831928 130.3931828 121.295984 69.2705948 76.7556 52.5918 62.5416 136.4544 90.9696 7.107 63.6636 124.2792 78.8112 125.7948 151.56
-9999.0 -9999.0 -9999.0 -9999.0 -9999.0 -9999.0 -9999.0 -9999.0 37.8896 53.04544 53.26644 87.2355 141.194 43.851 34.3655 115.07 0.1555 67.7824 82.3072 162.1936 -9999.0 29.0496 26.6288 -9999.0 -9999.0 -9999.0 -9999.0 -9999.0 -9999.0 -9999.0 -9999.0 -9999.0 81.38058 128.74362 169.57713 -9999.0 124.527 220.317 230.6213783 208.68081148 136.0961814 154.24233892 220.02215993 129.29137233 43.09712411 132.81049233 157.45734923 199.98675362 101.5853866 77.3261898 63.6803916 50.0345934 146.3111912 109.4478 124.08822 11.3712 106.67607 100.9194 103.7622 146.6616 151.56 77.2956 18.1872 145.4976
-9999.0 17.43792 6.53922 -9999.0 1.89448 41.67856 -9999.0 -9999.0 -9999.0 37.8896 186.5869 140.1055 90.3455 204.4825 92.5225 137.462 5.287 119.9554 167.0352 144.15864 39.21696 64.51432 -9999.0 -9999.0 25.95754 9.27055 -9999.0 -9999.0 -9999.0 -9999.0 -9999.0 -9999.0 83.81625 134.106 179.60625 191.58 237.08025 203.55375 176.81530729 133.82791171 199.60773272 136.0961814 222.29042962 208.68081148 131.55964202 199.24503334 131.60614264 227.12673004 129.6350829 37.904995 22.742997 124.3283836 37.1465966 116.19945 136.17012 90.32997 177.74607 119.53974 32.6922 137.097 151.56 45.468 54.5616 96.9984
-9999.0 -9999.0 -9999.0 -9999.0 45.46752 119.35224 -9999.0 -9999.0 22.73376 109.87984 72.92592 251.21818 55.5373 58.17604 -9999.0 -9999.0 100.61008 93.90426 92.38378 141.79836 156.83758 163.28296 38.67228 -9999.0 59.33152 46.35275 -9999.0 -9999.0 -9999.0 24.10343 -9999.0 -9999.0 86.211 110.1585 69.44775 239.475 239.475 162.843 64.53176969 9.07307876 197.33946303 40.82885442 88.46251791 142.90099047 131.55964202 208.94958179 133.95625233 196.19625412 157.6847792 132.21262256 98.70460698 147.29881057 196.37470214 203.89983 143.20605 132.1902 96.93948 106.605 109.09245 113.3268 133.3728 115.1856 137.9196 116.7012
-9999.0 -9999.0 -9999.0 -9999.0 16.60322 64.0713 121.63568 35.6541 2.37694 177.30558 56.29754 177.43342 124.46822 -9999.0 -9999.0 -9999.0 42.37216 44.9684 42.9692 109.57146 118.1653 113.86838 100.97762 -9999.0 93.64852 139.05825 5.56233 3.70822 -9999.0 20.39521 -9999.0 -9999.0 38.316 213.13275 86.211 150.86925 198.76425 191.58 169.63943318 83.92597853 188.26638427 167.85195706 22.6826969 176.92503582 208.68081148 151.26075954 199.75932365 235.010969 235.010969 235.010969 230.31074962 216.21009148 231.92523551 207.09798 189.47262 180.65994 143.20605 191.1783 89.69034 143.4588 151.56 151.56 134.8884 72.7488
-9999.0 -9999.0 16.8504 19.01552 142.6164 30.90022 73.68514 47.5388 -9999.0 95.0776 4.75388 -9999.0 50.31694 -9999.0 -9999.0 -9999.0 -9999.0 17.03842 40.82074 116.01684 135.35298 169.72834 94.53224 1.95889 129.15003 137.20414 12.97877 113.10071 31.51987 -9999.0 -9999.0 -9999.0 -9999.0 55.07925 150.86925 83.81625 153.264 186.7905 70.95713783 199.60773272 161.04714799 154.24233892 156.51060861 81.65770884 161.04714799 110.02270512 171.55800737 162.15756861 117.5054845 178.60833644 79.90372946 47.0021938 224.43501272 202.69164 220.317 132.1902 125.58069 160.83141 164.45598 94.21401 121.248 107.6076 10.6092 118.2168
-9999.0 -9999.0 69.5079 95.86606 133.10864 -9999.0 133.10864 154.5011 30.90022 4.75388 -9999.0 -9999.0 -9999.0 -9999.0 -9999.0 -9999.0 2.64826 32.2269 105.27454 111.71992 184.76756 109.57146 158.98604 -9999.0 134.60758 142.76647 55.6233 1.85411 37.0822 -9999.0 38.93631 -9999.0 21.55275 201.159 126.92175 150.86925 201.159 172.422 221.06750597 226.826969 172.38849644 120.21829357 176.92503582 181.4615752 136.0961814 9.07307876 157.45734923 209.15976241 122.20570388 115.15537481 94.0043876 68.15318101 148.05691047 92.97395907 105.75216 165.23775 127.78386 152.01873 207.09798 184.42665 138.1344 186.7977 44.63442 127.3104
-9999.0 -9999.0 18.9567 100.40812 71.3082 -9999.0 -9999.0 83.1929 66.55432 99.83148 65.53398 31.77912 34.42738 103.28214 29.13086 -9999.0 111.22692 73.15168 137.50144 79.49302 212.69754 92.38378 62.11577 -9999.0 119.87948 185.411 103.83016 -9999.0 -9999.0 -9999.0 9.27055 -9999.0 -9999.0 57.474 102.97425 191.58 239.475 155.65875 217.79576969 106.60867543 104.34040574 226.826969 188.26638427 149.70579954 113.4134845 120.21829357 67.66214101 141.0065814 122.20570388 188.0087752 235.010969 235.010969 213.85998179 204.1610369 88.1268 218.11383 176.2536 213.82777 152.98097 148.57463 219.65701 228.02639 191.95964 88.7642
-9999.0 -9999.0 58.9764 83.22826 -9999.0 -9999.0 -9999.0 83.1929 66.55432 47.5388 65.53398 132.413 129.76474 185.3782 23.83434 105.9304 124.46822 229.54828 135.35298 154.68912 208.40062 118.1653 34.37536 -9999.0 152.3743 129.7877 116.80893 27.81165 -9999.0 -9999.0 -9999.0 -9999.0 -9999.0 -9999.0 23.9475 100.5795 162.843 222.71175 220.317 133.07740574 190.53465396 226.826969 138.36445109 172.38849644 115.68175419 183.72984489 97.39516698 166.85778799 98.70460698 143.37405171 117.62700884 216.39237799 214.14643202 228.83827659 106.07487 189.95963 161.19814 155.55087 209.1105 130.1132 112.93455 218.05245 129.38205 93.786
-9999.0 -9999.0 10.5315 96.40734 -9999.0 -9999.0 -9999.0 95.0776 -9999.0 159.25498 67.36828 222.45384 206.56428 34.42738 116.52344 188.02646 153.59908 188.02646 169.72834 199.80678 180.47064 79.49302 -9999.0 15.67112 164.54676 117.54239 179.84867 90.85139 -9999.0 -9999.0 -9999.0 -9999.0 -9999.0 -9999.0 81.4215 131.71125 117.34275 33.5265 124.527 162.56491171 180.82111582 136.46973481 218.82122675 193.55003047 211.77617357 181.32797853 211.79199132 150.81499473 165.08057876 179.26804 221.72626 186.34441 146.24498 133.14345 232.345 155.67115 -9999.0 20.91105 162.6415 111.5256 29.96305 182.81165 217.2709 152.40225
-9999.0 -9999.0 -9999.0 52.6575 54.66962 59.4235 -9999.0 78.43902 135.48558 71.3082 128.35476 234.33854 18.53782 150.95082 188.02646 198.6195 195.97124 108.57866 103.32736 122.46222 152.54066 42.9692 -9999.0 41.13669 142.99897 159.59017 111.2466 127.93359 77.87262 -9999.0 -9999.0 -9999.0 -9999.0 -9999.0 65.67164 194.59754 148.60191 85.32502 74.53733 41.60292814 169.47948 179.21968 140.25888 77.9216 194.804 140.25888 178.93882 167.47409 188.7032 209.93231 205.21473 191.06199 103.78676 210.48876 232.345 181.2291 58.08625 125.4663 206.78705 4.6469 51.62585 88.102 41.84845 140.1106
