data/grid-mf2fd491f4b96da0a3557f052c6fe37f4aec6481e/data.asc
ncols        736
nrows        427
xllcorner    73.500000000000
yllcorner    18.083333333333
cellsize     0.083333333333
NODATA_value     -9
[rows 300 to 329 of 427, columns 268 to 334 of 736]
-9 -9 -9 -9 -9 -9 -9 -9 0 0 0 0 0.21099999547004699707 0 0 0 0.51700001955032348633 0 0.050999999046325683594 0 0 0 0 0 0 0 0 0 0 0 0.21099999547004699707 0 0 0 0 0 0 0 0 0 0 0 0 0 0 0 0 0 0 0 0 0 0 0 0 0 0 0 0 0 0 0 0 0 0.23499999940395355225 0 0
-9 -9 -9 -9 -9 -9 0 0 0 0 0 0 0 0.38400000333786010742 0.12600000202655792236 0.027000000700354576111 0 0 0 0 0 0 0 0 0 0 0 0 0 0 0.052999999374151229858 0 0 0 0 0.072999998927116394043 0 0 0 0 0 0 0 0 0 0 0 0 0 0 0 0 0 0 0 0 0 0 0 0 0 0 0 0 0.18899999558925628662 0 0
-9 -9 -9 -9 -9 -9 0 0 0 0 0 0 0 0 0.27300000190734863281 0 0 0 0 0 -9 -9 -9 0 0 0 0 0 0 0 0 0.15999999642372131348 0 0 0 0 0 0 0 0 0.064999997615814208984 0 0 0 0 0 0 0 0 0 0 0 0 0 0 0 0 0 0 0 0 0 0 0 0 0 0
-9 -9 -9 -9 -9 -9 0 -9 -9 -9 -9 0 0 0 0.24099999666213989258 0 0 0 0 0 -9 -9 -9 0 0 0 0 0 0 0 0 0.12600000202655792236 0 0 0 0 0.076999999582767486572 0 0 0 0.11400000005960464478 0 0 0 0 0 0 0 0 0 0 0 0 0 0 0 0 0.079999998211860656738 0 0 0 0 0 0 0 0.10100000351667404175 0
-9 -9 -9 -9 -9 -9 -9 -9 -9 -9 -9 -9 -9 -9 -9 -9 -9 0 0 -9 -9 -9 -9 -9 -9 -9 0 0 0 0 0 0.07500000298023223877 0 0 0 0 0.093000002205371856689 0 0 0 0 0.07100000232458114624 0 0 0 0 0 0 0 0 0 0 0 0 0 0 0 0 0 0 0.092000000178813934326 0 0 0 0 0 0.057999998331069946289
-9 -9 -9 -9 -9 -9 -9 -9 -9 -9 -9 -9 -9 -9 -9 -9 -9 -9 -9 -9 -9 -9 -9 -9 -9 -9 -9 0 0 0 0 0.050000000745058059692 0 0 0 0 0 0 0 0 0 0.22699999809265136719 0.15999999642372131348 0 0 0 0 0 0 0 0 0 0.10300000011920928955 0 0 0 0 0.082999996840953826904 0 0 0.11500000208616256714 0 0 0 0 0 0.3310000002384185791
-9 -9 -9 -9 -9 -9 -9 -9 -9 -9 -9 -9 -9 -9 -9 -9 -9 -9 -9 -9 -9 -9 -9 -9 -9 -9 -9 -9 0 0.10000000149011611938 0 0 0.032999999821186065674 0 0 0 0.00899999961256980896 0 0 0 0 0 0.12800000607967376709 0.10700000077486038208 0 0 0 0 0 0 0 0 0.1180000007152557373 0 0 0 0.064000003039836883545 0 0 0 0.13099999725818634033 0.17000000178813934326 0 0 0 0 0
-9 -9 -9 -9 -9 -9 -9 -9 -9 -9 -9 -9 -9 -9 -9 -9 -9 -9 -9 -9 -9 -9 -9 -9 -9 -9 -9 -9 0 0.065999999642372131348 0 0 0.00899999961256980896 0.15700000524520874023 0 0 0 0 0 0 0 0 0 0 0 0 0 0 0 0 0 0 0 0.090999998152256011963 0 0 0.081000000238418579102 0 0 0 0 0.12399999797344207764 0.20900000631809234619 0 0 0 0
-9 -9 -9 -9 -9 -9 -9 -9 -9 -9 -9 -9 -9 -9 -9 -9 -9 -9 -9 -9 -9 -9 -9 -9 -9 -9 -9 -9 0 0.013000000268220901489 0 0 0 0.093999996781349182129 0.079000003635883331299 0 0 0.028999999165534973145 0 0 0 0 0 0 0 0 0 0 0 0 0 0 0 0 0.07100000232458114624 0.082000002264976501465 0.068000003695487976074 0 0 0 0 0.20900000631809234619 0.2129999995231628418 0.13400000333786010742 0 0.17499999701976776123 0
-9 -9 -9 -9 -9 -9 -9 -9 -9 -9 -9 -9 -9 -9 -9 -9 -9 -9 -9 -9 -9 -9 -9 -9 -9 -9 -9 -9 0 0.18199999630451202393 0.037999998778104782104 0 0 0.028999999165534973145 0.068999998271465301514 0 0 0.10499999672174453735 0.057999998331069946289 0 0 0.057999998331069946289 0 0.098999999463558197021 0 0 0 0 0 0 0 0 0 0 0.11699999868869781494 0.087999999523162841797 0 0 0.95899999141693115234 0.52300000190734863281 0.20299999415874481201 0 0 0.16400000452995300293 0.2060000002384185791 0.13799999654293060303 0.15099999308586120605
-9 -9 -9 -9 -9 -9 -9 -9 -9 -9 -9 -9 -9 -9 -9 -9 -9 -9 -9 -9 -9 -9 -9 -9 -9 -9 -9 -9 -9 0.041999999433755874634 0.032000001519918441772 0 0 0.029999999329447746277 0.041999999433755874634 0 0 0 0.2020000070333480835 0 0 0.093999996781349182129 0.12999999523162841797 0.17100000381469726562 0 0 0 0 0 0 0 0.13899999856948852539 0.20000000298023223877 0.078000001609325408936 0.074000000953674316406 0.021999999880790710449 0 1.0640000104904174805 1.9259999990463256836 0 0 0 0 0 0.14699999988079071045 0.17499999701976776123 0
-9 -9 -9 -9 -9 -9 -9 -9 -9 -9 -9 -9 -9 -9 -9 -9 -9 -9 -9 -9 -9 -9 -9 -9 -9 -9 -9 -9 -9 0.086000002920627593994 0.045000001788139343262 0 0 0.028999999165534973145 0.10199999809265136719 0 0 0 0.25600001215934753418 0 0 0 0 0.096000000834465026855 0 0 0 0 0 0 0 0 0 0.14800000190734863281 0.25299999117851257324 0.15700000524520874023 0 0 0.76700001955032348633 0.58099997043609619141 1.0559999942779541016 0.3970000147819519043 0 0 0 0 0
-9 -9 -9 -9 -9 -9 -9 -9 -9 -9 -9 -9 -9 -9 -9 -9 -9 -9 -9 -9 -9 -9 -9 -9 -9 -9 -9 -9 -9 -9 0.043999999761581420898 -9 -9 0 0.052999999374151229858 0.07500000298023223877 0 0 0.14499999582767486572 0 0 0 0.18600000441074371338 0.17499999701976776123 0.11500000208616256714 0 0 0 0 0 0 0 0 0.18700000643730163574 0.21999999880790710449 0.048999998718500137329 0 0 0 0 0 0.69499999284744262695 0.29699999094009399414 0.27399998903274536133 0 3.6830000877380371094 2.1280000209808349609
-9 -9 -9 -9 -9 -9 -9 -9 -9 -9 -9 -9 -9 -9 -9 -9 -9 -9 -9 -9 -9 -9 -9 -9 -9 -9 -9 -9 -9 -9 0 -9 -9 -9 0 0.064000003039836883545 0 0.041000001132488250732 0.15299999713897705078 0 0 0.15299999713897705078 0.11900000274181365967 0.29899999499320983887 0.5879999995231628418 0 0 0 0 0 0.19799999892711639404 0.61500000953674316406 0.19799999892711639404 0 0 0.092000000178813934326 0 0 0 1.1280000209808349609 0.62999999523162841797 0.52100002765655517578 0.35699999332427978516 0 0 3.7599999904632568359 6.6950001716613769531
-9 -9 -9 -9 -9 -9 -9 -9 -9 -9 -9 -9 -9 -9 -9 -9 -9 -9 -9 -9 -9 -9 -9 -9 -9 -9 -9 -9 -9 -9 -9 -9 -9 -9 0 0.074000000953674316406 0.032999999821186065674 0 0.11200000345706939697 0 0 0 0 0.13400000333786010742 0.45199999213218688965 0.52799999713897705078 0 0 0 0 0 0.3819999992847442627 0.20000000298023223877 0 0 0.10800000280141830444 0.18000000715255737305 0.37000000476837158203 0.34099999070167541504 1.6009999513626098633 0.7789999842643737793 0.31099998950958251953 0.27000001072883605957 0 1.0180000066757202148 1.3910000324249267578 6.73600006103515625
-9 -9 -9 -9 -9 -9 -9 -9 -9 -9 -9 -9 -9 -9 -9 -9 -9 -9 -9 -9 -9 -9 -9 -9 -9 -9 -9 -9 -9 -9 -9 -9 -9 -9 -9 0.037000000476837158203 0.032000001519918441772 0 0.063000001013278961182 0.10499999672174453735 0.25 0 0 0 0.15600000321865081787 1.5729999542236328125 0 0 0 0 0 0 0.47499999403953552246 0 0 0.052999999374151229858 0.125 0 0 0.79000002145767211914 1.1440000534057617188 0 0.32600000500679016113 0.38699999451637268066 0.82400000095367431641 1.1579999923706054688 0.88999998569488525391
-9 -9 -9 -9 -9 -9 -9 -9 -9 -9 -9 -9 -9 -9 -9 -9 -9 -9 -9 -9 -9 -9 -9 -9 -9 -9 -9 -9 -9 -9 -9 -9 -9 -9 -9 0 0.023000000044703483582 0 0 0.086000002920627593994 0.19599999487400054932 0 0 0 0.12099999934434890747 1.2810000181198120117 0.58899998664855957031 0 0 0 0 0 0.94300001859664916992 0.87800002098083496094 0.69900000095367431641 0.13300000131130218506 0.17700000107288360596 0 0 1.0750000476837158203 0.8090000152587890625 0.27500000596046447754 0.57499998807907104492 0.44299998879432678223 0.52399998903274536133 0.98699998855590820312 0.20700000226497650146
-9 -9 -9 -9 -9 -9 -9 -9 -9 -9 -9 -9 -9 -9 -9 -9 -9 -9 -9 -9 -9 -9 -9 -9 -9 -9 -9 -9 -9 -9 -9 -9 -9 -9 -9 0 0.070000000298023223877 0 0 0.057999998331069946289 0.074000000953674316406 0.5 0 0.80400002002716064453 0.40799999237060546875 0 0.42800000309944152832 0.63499999046325683594 0 0 0.22499999403953552246 0.097000002861022949219 0 0.68800002336502075195 1.1260000467300415039 0.13899999856948852539 0.10400000214576721191 0.44800001382827758789 0.41800001263618469238 1.0490000247955322266 0.70800000429153442383 0 0.45399999618530273438 0.56000000238418579102 0.50599998235702514648 1.5900000333786010742 0
-9 -9 -9 -9 -9 -9 -9 -9 -9 -9 -9 -9 -9 -9 -9 -9 -9 -9 -9 -9 -9 -9 -9 -9 -9 -9 -9 -9 -9 -9 -9 -9 -9 -9 -9 0.027000000700354576111 0.023000000044703483582 0 0 0.11900000274181365967 0.079000003635883331299 0.69199997186660766602 0.55400002002716064453 0 0.12399999797344207764 0.4930000007152557373 0.33599999547004699707 0.92100000381469726562 1.4450000524520874023 0 0.5289999842643737793 0 0 0 0.93699997663497924805 0.14399999380111694336 0 0.2169999927282333374 0.22300000488758087158 0.44200000166893005371 0.72000002861022949219 0.35400000214576721191 0 0.65100002288818359375 0.48800000548362731934 1.5379999876022338867 0.47900000214576721191
-9 -9 -9 -9 -9 -9 -9 -9 -9 -9 -9 -9 -9 -9 -9 -9 -9 -9 -9 -9 -9 -9 -9 -9 -9 -9 -9 -9 -9 -9 -9 -9 -9 -9 -9 0 0.024000000208616256714 0 0 0.035000000149011611938 0.046000000089406967163 0.10100000351667404175 0.42399999499320983887 0 0.11400000005960464478 0.14000000059604644775 0.4560000002384185791 0 0.9120000004768371582 0.5590000152587890625 0.46500000357627868652 0.068000003695487976074 0 0 1.6059999465942382812 0.12800000607967376709 0.18199999630451202393 0.25 0.31400001049041748047 0.32899999618530273438 0 0 0 1.1859999895095825195 1.1109999418258666992 0.24400000274181365967 0.12600000202655792236
-9 -9 -9 -9 -9 -9 -9 -9 -9 -9 -9 -9 -9 -9 -9 -9 -9 -9 -9 -9 -9 -9 -9 -9 -9 -9 -9 -9 -9 -9 -9 -9 -9 -9 -9 0.025000000372529029846 0.032999999821186065674 0 0 0.039000000804662704468 0.10400000214576721191 0.082000002264976501465 0.23899999260902404785 0 0 0 0 0 0 1.2649999856948852539 0.58300000429153442383 0 4.0850000381469726562 0.55000001192092895508 1.2109999656677246094 0.10899999737739562988 0.32199999690055847168 0.27099999785423278809 0.22800000011920928955 0.20499999821186065674 0.28000000119209289551 0.82300001382827758789 0.82300001382827758789 0.6539999842643737793 0.95899999141693115234 0.36899998784065246582 0.36500000953674316406
-9 -9 -9 -9 -9 -9 -9 -9 -9 -9 -9 -9 -9 -9 -9 -9 -9 -9 -9 -9 -9 -9 -9 -9 -9 -9 -9 -9 -9 -9 -9 -9 -9 -9 -9 0.039000000804662704468 0.037000000476837158203 0 0 0.037000000476837158203 0.090000003576278686523 0 0.33399999141693115234 0.30500000715255737305 0 0 0 0.25 0.31299999356269836426 0.86799997091293334961 2.3650000095367431641 2.5030000209808349609 3.1070001125335693359 1.4500000476837158203 1.1840000152587890625 0.19799999892711639404 0.30500000715255737305 0.19400000572204589844 0.63400000333786010742 0.50999999046325683594 0.57800000905990600586 1.0310000181198120117 0.46200001239776611328 0.42699998617172241211 0.25600001215934753418 0.52700001001358032227 0.50300002098083496094
-9 -9 -9 -9 -9 -9 -9 -9 -9 -9 -9 -9 -9 -9 -9 -9 -9 -9 -9 -9 -9 -9 -9 -9 -9 -9 -9 -9 -9 -9 -9 -9 -9 -9 -9 0 0.026000000536441802979 0 0 0.072999998927116394043 0.050000000745058059692 0 0.15999999642372131348 0.31299999356269836426 0 0 0 0.48399999737739562988 0.46000000834465026855 0.99400001764297485352 3.8859999179840087891 2.2039999961853027344 1.6390000581741333008 1.8919999599456787109 0.52499997615814208984 0.39300000667572021484 0.41999998688697814941 0.37000000476837158203 0.79199999570846557617 0.73699998855590820312 0 0 0.83600002527236938477 0.25600001215934753418 0.21500000357627868652 0.17700000107288360596 0.22800000011920928955
-9 -9 -9 -9 -9 -9 -9 -9 -9 -9 -9 -9 -9 -9 -9 -9 -9 -9 -9 -9 -9 -9 -9 -9 -9 -9 -9 -9 -9 -9 -9 -9 -9 -9 -9 0 0.034000001847743988037 0.041000001132488250732 0 0.079000003635883331299 0.059000000357627868652 0.13300000131130218506 0 0.31400001049041748047 0.70899999141693115234 0 0 0.22100000083446502686 0.78100001811981201172 1.0410000085830688477 0 0 1.3509999513626098633 0.82800000905990600586 0.58300000429153442383 0.22499999403953552246 0.60600000619888305664 0.84200000762939453125 0.30399999022483825684 1.1280000209808349609 0 1.1019999980926513672 1.1480000019073486328 0.77499997615814208984 0.27399998903274536133 0.2060000002384185791 0.32199999690055847168
-9 -9 -9 -9 -9 -9 -9 -9 -9 -9 -9 -9 -9 -9 -9 -9 -9 -9 -9 -9 -9 -9 -9 -9 -9 -9 -9 -9 -9 -9 -9 -9 -9 -9 -9 0 0.061000000685453414917 0.019999999552965164185 0 0.1180000007152557373 0 0 0 0 1.5809999704360961914 0 0 0 0.67799997329711914062 1.4099999666213989258 1.6219999790191650391 0 1.1740000247955322266 0.47200000286102294922 0.39199998974800109863 0.61100000143051147461 1.5659999847412109375 1.2180000543594360352 0.78299999237060546875 0.55599999427795410156 0.5590000152587890625 0.66000002622604370117 0.37200000882148742676 0.20399999618530273438 0.52499997615814208984 0.68599998950958251953 0.57700002193450927734
-9 -9 -9 -9 -9 -9 -9 -9 -9 -9 -9 -9 -9 -9 -9 -9 -9 -9 -9 -9 -9 -9 -9 -9 -9 -9 -9 -9 -9 -9 -9 -9 -9 -9 -9 0 0.03599999845027923584 0.023000000044703483582 0 0.14499999582767486572 0.13799999654293060303 0.29800000786781311035 0 0 1.1649999618530273438 1.0310000181198120117 0.79699999094009399414 1.1890000104904174805 0.48100000619888305664 2.3210000991821289062 0 1.2690000534057617188 3.0929999351501464844 0.61100000143051147461 0.62300002574920654297 0.41400000452995300293 1.2389999628067016602 0.28799998760223388672 0.32800000905990600586 0.42399999499320983887 0.34099999070167541504 0.54699999094009399414 0.49200001358985900879 0.26499998569488525391 0.36500000953674316406 0.74800002574920654297 1.7610000371932983398
-9 -9 -9 -9 -9 -9 -9 -9 -9 -9 -9 -9 -9 -9 -9 -9 -9 -9 -9 -9 -9 -9 -9 -9 -9 -9 -9 -9 -9 -9 -9 -9 -9 -9 -9 0 0.037000000476837158203 0.023000000044703483582 0 0.14100000262260437012 0.13899999856948852539 0 0.53600001335144042969 0.19799999892711639404 0 2.3299999237060546875 0.39500001072883605957 0.79600000381469726562 1.4500000476837158203 2.8250000476837158203 0 1.129999995231628418 1.8359999656677246094 0.76999998092651367188 1.2660000324249267578 1.1900000572204589844 0.54699999094009399414 0.95999997854232788086 0.58700001239776611328 0.59200000762939453125 0.33399999141693115234 0.12200000137090682983 0.56199997663497924805 0.54500001668930053711 0.10499999672174453735 0.086999997496604919434 0.081000000238418579102
-9 -9 -9 -9 -9 -9 -9 -9 -9 -9 -9 -9 -9 -9 -9 -9 -9 -9 -9 -9 -9 -9 -9 -9 -9 -9 -9 -9 -9 -9 -9 -9 -9 -9 -9 0 0.046000000089406967163 0.0060000000521540641785 0 0.17599999904632568359 0 0 0.78799998760223388672 0 0 1.2300000190734863281 0.16400000452995300293 0.77399998903274536133 1.9359999895095825195 2.0409998893737792969 0 0.13300000131130218506 2.9700000286102294922 0.63200002908706665039 1.2489999532699584961 1.2640000581741333008 0.9629999995231628418 0.62099999189376831055 0.37999999523162841797 0 0.3160000145435333252 0.25900000333786010742 0.098999999463558197021 0.24099999666213989258 0.23600000143051147461 0.21600000560283660889 0.14499999582767486572
-9 -9 -9 -9 -9 -9 -9 -9 -9 -9 -9 -9 -9 -9 -9 -9 -9 -9 -9 -9 -9 -9 -9 -9 -9 -9 -9 -9 -9 -9 -9 -9 -9 -9 0 0.028000000864267349243 0.043000001460313796997 0.034000001847743988037 0 0.15700000524520874023 0.041000001132488250732 0.092000000178813934326 0.31900000572204589844 0.26100000739097595215 0.15199999511241912842 0 0.41699999570846557617 0.6620000004768371582 2.3800001144409179688 1.7150000333786010742 1.0429999828338623047 0 2.9839999675750732422 0.95700001716613769531 0.73299998044967651367 0.35100001096725463867 1.011999964714050293 1.2560000419616699219 0.24899999797344207764 0.12399999797344207764 0.20499999821186065674 0.10400000214576721191 0.14800000190734863281 0.075999997556209564209 0.045000001788139343262 0.17100000381469726562 0.097000002861022949219
-9 -9 -9 -9 -9 -9 -9 -9 -9 -9 -9 -9 -9 -9 -9 -9 -9 -9 -9 -9 -9 -9 -9 -9 -9 -9 -9 -9 -9 -9 -9 -9 -9 -9 -9 0.019999999552965164185 0.048000000417232513428 0.068999998271465301514 0 0.21099999547004699707 0 0.35400000214576721191 0.44900000095367431641 0.27599999308586120605 0.16699999570846557617 0 0.20499999821186065674 0.47299998998641967773 0 2.3770000934600830078 1.363000035285949707 0 3.1280000209808349609 1.3389999866485595703 0.23700000345706939697 1.3569999933242797852 2.0599999427795410156 0.62599998712539672852 0.16099999845027923584 0.057999998331069946289 0.1230000033974647522 0.08900000154972076416 0.13400000333786010742 0.10199999809265136719 0.17499999701976776123 0.33300000429153442383 0.13500000536441802979
