data/grid-mf2fd491f4b96da0a3557f052c6fe37f4aec6481e/data.asc
ncols        736
nrows        427
xllcorner    73.500000000000
yllcorner    18.083333333333
cellsize     0.083333333333
NODATA_value     -9
[rows 30 to 59 of 427, columns 603 to 669 of 736]
0 0 0 0 0 0 0 0 0 0 0 0 0 0 0 0 0 0 0 0 0 0 0 0 0 0 0 0 0 0 0 0 0 0 0.71200001239776611328 1.8200000524520874023 2.3259999752044677734 1.001999974250793457 -9 -9 -9 -9 -9 -9 -9 -9 -9 -9 -9 -9 -9 -9 -9 -9 -9 -9 -9 -9 -9 -9 -9 -9 -9 -9 -9 -9 -9
0 0 0 0 0 0 0 0 0 0 0 0 0 0 0 0 0 0 0 0 0 0 0 0 0 0 0 0 0 0 0 0 0 0.76599997282028198242 0.94499999284744262695 0.91699999570846557617 0.36599999666213989258 2.0680000782012939453 -9 -9 -9 -9 -9 -9 -9 -9 -9 -9 -9 -9 -9 -9 -9 -9 -9 -9 -9 -9 -9 -9 -9 -9 -9 -9 -9 -9 -9
0 0 0 0 0 0 0 0 0 0 0 0 0 0 0 0 0 0 0 0 0 0 0 0 0 0 0 0 0 0 0 0 0 0 0 0.47099998593330383301 0 1.1189999580383300781 2.1010000705718994141 2.9969999790191650391 -9 -9 -9 -9 -9 -9 -9 -9 -9 -9 -9 -9 -9 -9 -9 -9 -9 -9 -9 -9 -9 -9 -9 -9 -9 -9 -9
0 0 0 0 0 0 0 0 0 0 0 0 0 0 0 0 0 0 0 0 0 0 0 0 0 0 0 0 0 0 0 0 0 0 0 0 0 0 2.0299999713897705078 2.63899993896484375 2.88899993896484375 -9 -9 -9 -9 -9 -9 -9 -9 -9 -9 -9 -9 -9 -9 -9 -9 -9 -9 -9 -9 -9 -9 -9 -9 -9 -9
0 0 0 0 0 0 0 0 0 0 0 0 0 0 0 0 0 0 0 0 0 0 0 0 0 0 0 0 0 0 0 0 0 0 0 0 0 0 0 2.0759999752044677734 2.7909998893737792969 2.0220000743865966797 -9 -9 -9 -9 -9 -9 -9 -9 -9 -9 -9 -9 -9 -9 -9 -9 -9 -9 -9 -9 -9 -9 -9 -9 -9
0 0 0 0 0 0 0 0 0 0 0 0 0 0 0 0 0 0 0 0 0 0 0 0 0 0 0 0 0 0 0 0 0 0 0 0 0 0 0.76499998569488525391 1.4680000543594360352 2.5030000209808349609 3.7130000591278076172 -9 -9 -9 -9 -9 -9 -9 -9 -9 -9 -9 -9 -9 -9 -9 -9 -9 -9 -9 -9 -9 -9 -9 -9 -9
0 0 0 0 0 0 0 0 0 0 0 0 0 0 0 0 0 0 0 0 0 0 0 0 0 0 0 0 0 0 0 0 0 0 0 0 0 0 0 1.3309999704360961914 1.5449999570846557617 2.0250000953674316406 2.0989999771118164062 -9 -9 -9 -9 -9 -9 -9 -9 -9 -9 -9 -9 -9 -9 -9 -9 -9 -9 -9 -9 -9 -9 -9 -9
0 0 0 0 0 0 0 0 0 0 0 0 0 0 0 0 0 0 0 0 0 0 0 0 0 0 0 0 0 0 0 0 0 0 0 0 0 0 0 1.5800000429153442383 2.5099999904632568359 3.1909999847412109375 1.8669999837875366211 -9 -9 -9 -9 -9 -9 -9 -9 -9 -9 -9 -9 -9 -9 -9 -9 -9 -9 -9 -9 -9 -9 -9 -9
0 0 0 0 0 0 0 0 0 0 0 0 0 0 0 0 0 0 0 0 0 0 0 0 0 0 0 0 0 0 0 0 0 0 0 0 0 0 0 1.3849999904632568359 1.8470000028610229492 2.7599999904632568359 3.6930000782012939453 -9 -9 -9 -9 -9 -9 -9 -9 -9 -9 -9 -9 -9 -9 -9 -9 -9 -9 -9 -9 -9 -9 -9 -9
0 0 0 0 0 0 0 0 0 0 0 0 0 0 0 0 0 0 0 0 0 0 0 0 0 0 0 0 0 0 0 0 0 0 0 0 0 0.56900000572204589844 0.67500001192092895508 1.2849999666213989258 1.7530000209808349609 2.0490000247955322266 2.8199999332427978516 -9 -9 -9 -9 -9 -9 -9 -9 -9 -9 -9 -9 -9 -9 -9 -9 -9 -9 -9 -9 -9 -9 -9 -9
0 0 0 0 0 0 0 0 0 0 0 0 0 0 0 0 0 0 0 0 0.54600000381469726562 0 0 0 0 0 0 0 0 0 0 0 0 0 0 0 0 0 0.71100002527236938477 0 1.1990000009536743164 1.9049999713897705078 2.0769999027252197266 -9 -9 -9 -9 -9 -9 -9 -9 -9 -9 -9 -9 -9 -9 -9 -9 -9 -9 -9 -9 -9 -9 -9 -9
0 0 0 0 0 0 0 0 0 0 0 0 0 0.85900002717971801758 0 0 0 0 0 0 0.47900000214576721191 0 0 0 0 0 0 0 0 0 0 0 0 0 0 0 0 0 0 0 1.373000025749206543 1.6430000066757202148 3.6050000190734863281 4.9889998435974121094 4.1119999885559082031 0.13600000739097595215 -9 -9 -9 -9 -9 -9 -9 -9 -9 -9 -9 -9 -9 -9 -9 -9 -9 -9 -9 -9 -9
0 0 0 0 0 0 0 0 0 0 0 0 0 0.74299997091293334961 1.1430000066757202148 0 0 0 0.54100000858306884766 0.79199999570846557617 0 0 0 0 0 0 0 0 0 0 0 0 0 0 0 0 0 0 0 0 0 0 2.2679998874664306641 3.7479999065399169922 3.7790000438690185547 1.8079999685287475586 -9 -9 -9 -9 -9 -9 -9 -9 -9 -9 -9 -9 -9 -9 -9 -9 -9 -9 -9 -9 -9
0 0 0 0 0 0 0 0 0 0 0 0 0 1.1390000581741333008 1.2890000343322753906 2.2980000972747802734 1.5930000543594360352 1.4750000238418579102 0.52499997615814208984 0 0 0 0 0 0 0 0 0 0 0 0 0 0 0 0 0 0 0 0 0 0 0 1.7660000324249267578 3.2320001125335693359 0.69199997186660766602 -9 -9 -9 -9 -9 -9 -9 -9 -9 -9 -9 -9 -9 -9 -9 -9 -9 -9 -9 -9 -9 -9
0 0 0 0 0 0 0 0 0 0 0 0 0 1.879999995231628418 2.4800000190734863281 1.9340000152587890625 1.4019999504089355469 1.3079999685287475586 1.5479999780654907227 1.8960000276565551758 1.4170000553131103516 0.98000001907348632812 0 0 0 0 0 0 0 0 0 0 0 0 0 0 0 0 0 0 0 0 3.3129999637603759766 0.91399997472763061523 0.24600000679492950439 -9 -9 -9 -9 -9 -9 -9 -9 -9 -9 -9 -9 -9 -9 -9 -9 -9 -9 -9 -9 -9 -9
0 0 0 0 0 0 0 1.5529999732971191406 0 0 0 1.5460000038146972656 1.9040000438690185547 2.0980000495910644531 2.5739998817443847656 1.6660000085830688477 2.2939999103546142578 0.63300001621246337891 0 0 0 1.1519999504089355469 0 0 0 0 0 0 0 0 0 0 0 0 0 0 0 0 0 0 0 0.85699999332427978516 2.5739998817443847656 1.5299999713897705078 0.31700000166893005371 -9 -9 -9 -9 -9 -9 -9 -9 -9 -9 -9 -9 -9 -9 -9 -9 -9 -9 -9 -9 -9 -9
0 0 0 0 0 0 0 1.1490000486373901367 1.2330000400543212891 1.2020000219345092773 1.6239999532699584961 1.6440000534057617188 2.1670000553131103516 2.0520000457763671875 1.9379999637603759766 1.6549999713897705078 1.3200000524520874023 0.64300000667572021484 0 1.3919999599456787109 1.2690000534057617188 0 0 0 0.66600000858306884766 0 0 0 0 0 0 0 0 0 0 0 0 0 0 0 0 0 1.1219999790191650391 2.9820001125335693359 2.6960000991821289062 2.7539999485015869141 -9 -9 -9 -9 -9 -9 -9 -9 -9 -9 -9 -9 -9 -9 -9 -9 -9 -9 -9 -9 -9
0 0 0 0 0 0 0 0 1.6519999504089355469 1.2899999618530273438 3.3010001182556152344 2.6710000038146972656 3.1979999542236328125 2.631999969482421875 1.8179999589920043945 1.7150000333786010742 2.4690001010894775391 1.7189999818801879883 2.0360000133514404297 3.0940001010894775391 2.4979999065399169922 1.3120000362396240234 1.3580000400543212891 0.68599998950958251953 0 0 0 0 0 0 0 0 0 0 0 0 0 0 0 0 0 0 0 1.5279999971389770508 1.9149999618530273438 2.5550000667572021484 2.2100000381469726562 -9 -9 -9 -9 -9 -9 -9 -9 -9 -9 -9 -9 -9 -9 -9 -9 -9 -9 -9 -9
0 0 0 0 0 0 1.0219999551773071289 1.7929999828338623047 1.3099999427795410156 1.2610000371932983398 2.8139998912811279297 3.9100000858306884766 4.3249998092651367188 3.125 2.9509999752044677734 4.5710000991821289062 1.6480000019073486328 1.8009999990463256836 3.0710000991821289062 1.4730000495910644531 3.1749999523162841797 2.7929999828338623047 1.3990000486373901367 1.0399999618530273438 0.94700002670288085938 1.1979999542236328125 0 0 0 0 0 0 0 0 0 0 0 0 0 0 0 0 0 0 0 1.0980000495910644531 2.3359999656677246094 0.70999997854232788086 -9 -9 -9 -9 -9 -9 -9 -9 -9 -9 -9 -9 -9 -9 -9 -9 -9 -9 -9
0 0 0 0 0.85100001096725463867 0.94199997186660766602 1.2610000371932983398 1.7860000133514404297 2.4200000762939453125 3.0380001068115234375 0.62699997425079345703 3.2590000629425048828 4.0539999008178710938 3.7149999141693115234 4.0590000152587890625 4.7389998435974121094 4.6100001335144042969 2.125 3.2750000953674316406 4.6079998016357421875 3.6400001049041748047 4.4409999847412109375 3.7009999752044677734 2.5959999561309814453 1.5470000505447387695 0 1.4609999656677246094 0 0 0 0 0 0 0 0 0 0 0 0 0 0 0 0 0 0 0 1.8259999752044677734 2.5569999217987060547 2.7139999866485595703 2.3289999961853027344 4.0520000457763671875 1.8609999418258666992 2.6930000782012939453 3.61100006103515625 1.6729999780654907227 2.6119999885559082031 2.8289999961853027344 4.506999969482421875 1.1469999551773071289 0.88499999046325683594 -9 -9 -9 -9 -9 -9 -9
0 0 0 0 0 0.93800002336502075195 1.0939999818801879883 1.5529999732971191406 2.4749999046325683594 2.7279999256134033203 3.0280001163482666016 1.9149999618530273438 2.1159999370574951172 3.4260001182556152344 4.1799998283386230469 4.7699999809265136719 5.0180001258850097656 2.8580000400543212891 3.7139999866485595703 3.9660000801086425781 2.6270000934600830078 4.1859998703002929688 4.2670001983642578125 2.2239999771118164062 2.2660000324249267578 1.8300000429153442383 1.6870000362396240234 1.1499999761581420898 1.0930000543594360352 0 0 0 0 0 0 0 0 0 0 0 0 0 0 0.51499998569488525391 0.93300002813339233398 0.80800002813339233398 1.2350000143051147461 1.8170000314712524414 1.8849999904632568359 3.1930000782012939453 2.5039999485015869141 3.7100000381469726562 2.9639999866485595703 2.8640000820159912109 3.8469998836517333984 4.2729997634887695312 3.9319999217987060547 3.4059998989105224609 4.7049999237060546875 3.9389998912811279297 4.3159999847412109375 1.9630000591278076172 3.2320001125335693359 -9 -9 -9 -9
0 0 0 0 0 0 1.0759999752044677734 1.7690000534057617188 2.5959999561309814453 3.979000091552734375 3.7009999752044677734 3.2609999179840087891 3.51399993896484375 2.4079999923706054688 2.9509999752044677734 4.7270002365112304688 5.0599999427795410156 2.0350000858306884766 0 1.7929999828338623047 3.2309999465942382812 2.8989999294281005859 2.243000030517578125 1.6950000524520874023 2.145999908447265625 2.2109999656677246094 2.6199998855590820312 1.8389999866485595703 1.6610000133514404297 0 0 0 0 0 0 0 0 0 0 0 0 0 0 0 0 1.0620000362396240234 1.3140000104904174805 1.5729999542236328125 2.0290000438690185547 2.0429999828338623047 1.7460000514984130859 2.3050000667572021484 1.3810000419616699219 1.6009999513626098633 2.2720000743865966797 2.131999969482421875 3.2909998893737792969 4.0219998359680175781 1.8270000219345092773 1.4160000085830688477 2.3269999027252197266 3.5780000686645507812 1.2170000076293945312 3.9869999885559082031 -9 3.6970000267028808594 -9
0 0 0 0 0 0.84200000762939453125 0.84899997711181640625 1.7860000133514404297 0 3.0959999561309814453 4.5450000762939453125 3.6380000114440917969 3.9130001068115234375 3.0299999713897705078 2.9400000572204589844 1.8190000057220458984 5.2249999046325683594 1.3329999446868896484 0.78799998760223388672 3.270999908447265625 5.0700001716613769531 4.9889998435974121094 3.4600000381469726562 2.9219999313354492188 1.4839999675750732422 3.9370000362396240234 3.5420000553131103516 2.3299999237060546875 1.5060000419616699219 0 0 0 0 0 0 0 0 0 0 0 0 0 0 0 0 0 0 0.8529999852180480957 3.2009999752044677734 2.5580000877380371094 2.8710000514984130859 3.7160000801086425781 3.8699998855590820312 4.6810002326965332031 3.1889998912811279297 4.2789998054504394531 3.7100000381469726562 3.2439999580383300781 3.1670000553131103516 3.3299999237060546875 1.8370000123977661133 2.3280000686645507812 3.5239999294281005859 3.9430000782012939453 2.3269999027252197266 2.9219999313354492188 2.5789999961853027344
0 0 0 0 0 0 0 1.7350000143051147461 3.0190000534057617188 3.0320000648498535156 4.3470001220703125 3.0750000476837158203 3.5190000534057617188 3.1540000438690185547 3.7369999885559082031 3.9639999866485595703 0.9779999852180480957 1.6649999618530273438 5.1609997749328613281 4.9050002098083496094 4.3499999046325683594 4.5520000457763671875 4.1240000724792480469 3.3069999217987060547 2.6050000190734863281 0.97699999809265136719 2.1559998989105224609 2.7690000534057617188 1.8589999675750732422 1.2220000028610229492 0 0 0.98799997568130493164 0.92400002479553222656 0 0 0 0 0 0 0 0 0 0 0 0 0.56099998950958251953 1.2819999456405639648 1.4650000333786010742 2.1070001125335693359 2.0929999351501464844 3.0690000057220458984 2.381999969482421875 1.8710000514984130859 2.51399993896484375 1.6089999675750732422 0.98400002717971801758 3.3229999542236328125 3.4189999103546142578 4.7090001106262207031 3.1630001068115234375 2.4040000438690185547 2.5380001068115234375 2.3489999771118164062 2.98600006103515625 2.5989999771118164062 2.7239999771118164062
0 0 0 1.0870000123977661133 0 1.2339999675750732422 2.2119998931884765625 2.4149999618530273438 2.4849998950958251953 2.4779999256134033203 3.5920000076293945312 3.4849998950958251953 1.4429999589920043945 2.3029999732971191406 4.5050001144409179688 4.1729998588562011719 2.8269999027252197266 4.73600006103515625 5.7829999923706054688 5.2909998893737792969 4.090000152587890625 4.5329999923706054688 2.4890000820159912109 3.8239998817443847656 3.3450000286102294922 3.3010001182556152344 2.0720000267028808594 1.6069999933242797852 3.645999908447265625 2.131999969482421875 1.261999964714050293 1.2489999532699584961 0 0 0 0 0 0 0 0 0 0 0 0 0 0 0 0 0 1.113000035285949707 1.5260000228881835938 2.5869998931884765625 2.5869998931884765625 1.9639999866485595703 1.2000000476837158203 1.0420000553131103516 2.4820001125335693359 2.4719998836517333984 3.2320001125335693359 3.6889998912811279297 2.8519999980926513672 2.4739999771118164062 2.8389999866485595703 2.8069999217987060547 2.6849999427795410156 2.7409999370574951172 3.0160000324249267578
0.85199999809265136719 1.3120000362396240234 0 1.754999995231628418 2.5550000667572021484 2.2980000972747802734 2.4900000095367431641 3.5109999179840087891 4.01399993896484375 3.9639999866485595703 2.1830000877380371094 1.4689999818801879883 0.6029999852180480957 3.0559999942779541016 3.2769999504089355469 5.0300002098083496094 5.6680002212524414062 4.2309999465942382812 4.9479999542236328125 4.4450001716613769531 4.7800002098083496094 4.4460000991821289062 3.7909998893737792969 3.3859999179840087891 3.7690000534057617188 2.618000030517578125 4.2199997901916503906 3.8299999237060546875 2.4110000133514404297 1.1590000391006469727 0 0 1.0260000228881835938 0 0 0 0 0 0 0 0 0 0 0 0 0 0 0 0 1.2929999828338623047 2.1280000209808349609 2.4260001182556152344 1.4409999847412109375 0 0 1.1879999637603759766 2.0469999313354492188 3.1949999332427978516 3.6840000152587890625 4.5479998588562011719 3.5799999237060546875 2.5920000076293945312 1.5959999561309814453 2.2550001144409179688 2.2400000095367431641 2.7000000476837158203 2.1830000877380371094
1.3350000381469726562 1.7940000295639038086 1.3650000095367431641 1.9279999732971191406 3.0799999237060546875 3.7349998950958251953 2.1489999294281005859 3.7009999752044677734 3.625 2.3380000591278076172 3.8740000724792480469 1.0679999589920043945 3.2750000953674316406 5.2979998588562011719 5.9310002326965332031 3.5729999542236328125 4.7439999580383300781 4.5770001411437988281 3.4649999141693115234 3.1070001125335693359 4.3309998512268066406 3.9619998931884765625 5.0240001678466796875 3.9749999046325683594 3.2190001010894775391 3.2190001010894775391 2.6070001125335693359 2.7369999885559082031 2.618000030517578125 2.3780000209808349609 2.1140000820159912109 1.7039999961853027344 1.2359999418258666992 1.6469999551773071289 1.4170000553131103516 1.2790000438690185547 0 0 0 0 0 0 0 0 0 0 0 0 0 1.5169999599456787109 2.4360001087188720703 1.488000035285949707 1.5509999990463256836 0 0 0 0 2.1589999198913574219 1.3689999580383300781 2.7850000858306884766 2.3239998817443847656 1.8400000333786010742 2.0090000629425048828 1.9630000591278076172 2.0769999027252197266 2.2170000076293945312 2.4340000152587890625
1.8849999904632568359 2.4920001029968261719 3.0829999446868896484 3.6770000457763671875 3.5079998970031738281 4.4489998817443847656 4.08300018310546875 4.9250001907348632812 3.9609999656677246094 4.9429998397827148438 4.5100002288818359375 0.90200001001358032227 4.2719998359680175781 3.8699998855590820312 5.0170001983642578125 5.7420001029968261719 5.7740001678466796875 5.2129998207092285156 2.8199999332427978516 4.7779998779296875 4.1710000038146972656 4.4349999427795410156 4.9739999771118164062 4.5659999847412109375 2.4149999618530273438 3.3489999771118164062 2.0450000762939453125 4.381999969482421875 3.5550000667572021484 3.2599999904632568359 3.8650000095367431641 2.8090000152587890625 2.4000000953674316406 3.2030000686645507812 2.0339999198913574219 2.2739999294281005859 1.9140000343322753906 1.3589999675750732422 1.0010000467300415039 0 0 0 0 0 0 0 0 0 0.73699998855590820312 1.0789999961853027344 0 0 0 0 0 0 0 0 1.6529999971389770508 1.873000025749206543 1.8539999723434448242 1.1749999523162841797 1.7970000505447387695 1.6970000267028808594 0 1.3420000076293945312 1.7599999904632568359
2.8849999904632568359 2.4070000648498535156 4.4539999961853027344 4.0780000686645507812 3.375 3.3029999732971191406 4.0320000648498535156 4.3800001144409179688 3.7249999046325683594 5.4130001068115234375 2.7850000858306884766 3.2750000953674316406 4.1009998321533203125 3.3139998912811279297 5.1539998054504394531 4.7249999046325683594 4.7410001754760742188 4.9819998741149902344 5.9679999351501464844 5.7100000381469726562 5.3020000457763671875 4.0859999656677246094 3.354000091552734375 4.5279998779296875 3.4690001010894775391 3.1789999008178710938 3.0520000457763671875 4.1789999008178710938 2.6010000705718994141 3.9230000972747802734 3.8740000724792480469 4.6960000991821289062 2.9340000152587890625 4.6690001487731933594 3.1210000514984130859 2.4370000362396240234 1.6859999895095825195 1.9199999570846557617 1.8539999723434448242 0.69800001382827758789 0 0 0 0 0 0 0 0 0 0 0 0 0 0 0 0 0 0 0 0 0.82300001382827758789 1.0759999752044677734 1.3029999732971191406 1.3470000028610229492 0 1.1829999685287475586 1.4040000438690185547
3.3780000209808349609 3.8090000152587890625 2.7490000724792480469 2.7100000381469726562 5.0549998283386230469 4.118000030517578125 4.8969998359680175781 3.4249999523162841797 4.1840000152587890625 2.9690001010894775391 2.2260000705718994141 4.4470000267028808594 4.5980000495910644531 4.5980000495910644531 5.9390001296997070312 3.5 5.5539999008178710938 5.7800002098083496094 3.9309999942779541016 4.9660000801086425781 4.1789999008178710938 3.7650001049041748047 4.1279997825622558594 3.9370000362396240234 3.6889998912811279297 4.8210000991821289062 4.4429998397827148438 4.4699997901916503906 3.5220000743865966797 3.7609999179840087891 4.6989998817443847656 2.7780001163482666016 3.8010001182556152344 2.2799999713897705078 2.493000030517578125 4.0009999275207519531 4.2340002059936523438 2.645999908447265625 0.8460000157356262207 1.0010000467300415039 0 0 0 0 0 0 0 0 0 0 0 0 0 0 0 0 0 0 0 0 0.87300002574920654297 1.129999995231628418 0.79199999570846557617 0.84399998188018798828 0 0 0
