data/grid-m7343526deca8746024e3479b24d430262e9f5ef2/data.asc
ncols        736
nrows        427
xllcorner    73.500000000000
yllcorner    18.083333333333
cellsize     0.083333333333
NODATA_value     -9
[rows 145 to 173 of 427, columns 576 to 639 of 736]
0.54600000381469726562 0.72600001096725463867 1.4079999923706054688 0.32800000905990600586 0.48300001025199890137 0.052000001072883605957 0 0 0 0 0.39599999785423278809 0.93599998950958251953 2.4739999771118164062 0.74599999189376831055 0.34999999403953552246 0.44699999690055847168 0.31900000572204589844 0.14499999582767486572 0 0 0 0 1.7230000495910644531 3.9630000591278076172 3.7079999446868896484 4.2930002212524414062 4.2630000114440917969 4.3109998703002929688 2.1329998970031738281 1.1119999885559082031 1.0750000476837158203 0.95300000905990600586 1.0679999589920043945 1.1480000019073486328 1.618000030517578125 1.6009999513626098633 1.1790000200271606445 0.88999998569488525391 0.62300002574920654297 0.44299998879432678223 0.77100002765655517578 1.1360000371932983398 1.616000056266784668 1.5950000286102294922 0.99500000476837158203 1.0900000333786010742 0.73299998044967651367 0.67900002002716064453 1.258999943733215332 1.0779999494552612305 1.0190000534057617188 1.3739999532699584961 0.76099997758865356445 0.67699998617172241211 0.62699997425079345703 0.98600000143051147461 0.55299997329711914062 0.28400000929832458496 0.19699999690055847168 0.22699999809265136719 0.35100001096725463867 -9 -9 -9
0.70599997043609619141 1.2530000209808349609 0.64300000667572021484 0 0 0 0 0 0 0 0.26699998974800109863 0.39199998974800109863 2.4609999656677246094 0.41999998688697814941 0 0 0.32800000905990600586 0 0 0 0 0.40999999642372131348 3.3389999866485595703 3.1779999732971191406 3.5460000038146972656 2.875 4.1149997711181640625 3.1289999485015869141 1.7330000400543212891 1.1720000505447387695 0.95599997043609619141 1.4809999465942382812 1.1970000267028808594 0.92599999904632568359 1.7810000181198120117 1.6840000152587890625 0.51499998569488525391 0.73600000143051147461 0.89499998092651367188 1.6640000343322753906 1.1529999971389770508 1.4409999847412109375 1.4830000400543212891 1.2419999837875366211 1.0980000495910644531 1.1990000009536743164 0.95499998331069946289 1.0509999990463256836 0.64899998903274536133 0.95499998331069946289 0.79000002145767211914 0.95800000429153442383 0.52999997138977050781 0.59200000762939453125 0.39899998903274536133 0.50099998712539672852 0.50999999046325683594 0.23600000143051147461 0.19599999487400054932 0.2870000004768371582 -9 -9 -9 -9
1.2680000066757202148 0.77499997615814208984 0.25499999523162841797 0 0 0 0.07500000298023223877 0 0 0 0 0.22599999606609344482 0.38899999856948852539 0 0 0 0 0 0 0 0.046000000089406967163 1.2920000553131103516 4.3429999351501464844 4.9210000038146972656 2.5989999771118164062 1.6030000448226928711 1.6720000505447387695 1.2059999704360961914 1.4939999580383300781 1.0099999904632568359 0.59299999475479125977 0.36599999666213989258 0.8379999995231628418 0.6539999842643737793 0.92100000381469726562 0.83499997854232788086 0.5960000157356262207 1.5039999485015869141 1.1970000267028808594 1.8129999637603759766 0.92500001192092895508 0.49500000476837158203 0.99900001287460327148 0.64800000190734863281 1.1859999895095825195 0.37099999189376831055 0.55299997329711914062 0.75 0.49099999666213989258 0.9340000152587890625 0.73400002717971801758 0.89200001955032348633 0.5370000004768371582 0.3160000145435333252 0.27099999785423278809 0.28499999642372131348 0.24799999594688415527 0.38400000333786010742 0.3529999852180480957 0.77999997138977050781 -9 -9 -9 -9
1.6349999904632568359 0.48800000548362731934 0 0 0 0.07500000298023223877 0.25499999523162841797 0 0 0 0 0 0 0 0 0 0 0 0 0 0.79699999094009399414 3.6059999465942382812 2.5469999313354492188 3.2780001163482666016 1.5859999656677246094 1.2810000181198120117 1.9750000238418579102 1.6009999513626098633 0.8970000147819519043 1.4160000085830688477 0.41400000452995300293 1.4140000343322753906 1.4989999532699584961 0.86000001430511474609 0.90799999237060546875 1.0199999809265136719 0.85799998044967651367 0.57200002670288085938 0.50400000810623168945 0.4120000004768371582 0.72899997234344482422 0.52799999713897705078 0.55299997329711914062 0.70099997520446777344 0.32800000905990600586 1.2960000038146972656 1.6690000295639038086 0.82800000905990600586 1.0140000581741333008 0.63099998235702514648 0.41100001335144042969 0.39300000667572021484 0.56900000572204589844 0.37000000476837158203 0.3379999995231628418 0.21999999880790710449 0.16500000655651092529 0.32300001382827758789 0.75800001621246337891 -9 -9 -9 -9 -9
0.19799999892711639404 0 0 0 0 0 0 0 0 0 0 0 0 0 0 0 0 0 0.18500000238418579102 2.0690000057220458984 2.2030000686645507812 2.375 1.1790000200271606445 1.9450000524520874023 1.6569999456405639648 2.4309999942779541016 2.6219999790191650391 1.2840000391006469727 0.73400002717971801758 0.3310000002384185791 0.26899999380111694336 0.70499998331069946289 1.0859999656677246094 0.57800000905990600586 0.96600002050399780273 0.77600002288818359375 0.81400001049041748047 0.49000000953674316406 0.37900000810623168945 1.0509999990463256836 0.85799998044967651367 0.45800000429153442383 0.28999999165534973145 0.8970000147819519043 0.73900002241134643555 1.0249999761581420898 1.248000025749206543 1.0340000391006469727 0.99800002574920654297 0.58099997043609619141 0.36199998855590820312 0.32300001382827758789 0.56199997663497924805 0.26199999451637268066 0.29300001263618469238 0.23999999463558197021 0.27500000596046447754 0.63099998235702514648 -9 -9 -9 -9 -9 -9
1.1599999666213989258 0.86900001764297485352 0.2060000002384185791 0 0 0 0 0 0 0 0 0 0 0 0 0 0 0 1.2079999446868896484 3.3450000286102294922 2.7809998989105224609 2.5220000743865966797 1.2339999675750732422 1.6349999904632568359 1.2250000238418579102 1.2170000076293945312 1.4700000286102294922 1.129999995231628418 0.54400002956390380859 0.33199998736381530762 0.42100000381469726562 0.15199999511241912842 0.2169999927282333374 0.27599999308586120605 0.99000000953674316406 0.67000001668930053711 0.21099999547004699707 0.46399998664855957031 0.44600000977516174316 0.59700000286102294922 0.40200001001358032227 0.42699998617172241211 0.27599999308586120605 0.47499999403953552246 0.18299999833106994629 0.81199997663497924805 0.74099999666213989258 0.42599999904632568359 0.45100000500679016113 0.34200000762939453125 0.19900000095367431641 0.23199999332427978516 0.3160000145435333252 0.17499999701976776123 0.21999999880790710449 0.90299999713897705078 0.85799998044967651367 -9 -9 -9 -9 -9 -9 -9
3.9479999542236328125 2.4539999961853027344 0 0 0 0 0 0 0 0 0 0 0 0 0 0.13099999725818634033 1.7749999761581420898 1.7469999790191650391 3.2349998950958251953 1.7730000019073486328 1.375 2.1610000133514404297 1.3389999866485595703 1.7389999628067016602 1.7460000514984130859 1.125 1.3420000076293945312 0.9629999995231628418 0.76099997758865356445 0.30599999427795410156 0.88800001144409179688 0.85900002717971801758 0.37000000476837158203 0.66799998283386230469 0.84200000762939453125 0.57800000905990600586 1.1330000162124633789 0.36599999666213989258 1.2960000038146972656 1.3949999809265136719 0.9629999995231628418 0.58399999141693115234 0.61299997568130493164 0.88099998235702514648 0.56499999761581420898 0.25200000405311584473 0.40099999308586120605 0.35400000214576721191 0.44600000977516174316 0.88300001621246337891 0.69400000572204589844 0.56499999761581420898 0.38299998641014099121 0.42100000381469726562 0.45899999141693115234 -9 -9 -9 -9 -9 -9 -9 -9 -9
0.47600001096725463867 3.4709999561309814453 0 0 0 0 0 0 0 0 0 0 0 0 0 0.5 3.1280000209808349609 1.7139999866485595703 1.0779999494552612305 1.3559999465942382812 2.6549999713897705078 2.1610000133514404297 0.56099998950958251953 1.0190000534057617188 2.3080000877380371094 1.2749999761581420898 1.4309999942779541016 1.8049999475479125977 0.74299997091293334961 0.4120000004768371582 2.1960000991821289062 2.2239999771118164062 1.5720000267028808594 2.2660000324249267578 1.2640000581741333008 1.6440000534057617188 2.1380000114440917969 1.0599999427795410156 1.1289999485015869141 0.98900002241134643555 0.95399999618530273438 0.68199998140335083008 0.69199997186660766602 0.57599997520446777344 0.68699997663497924805 0.58999997377395629883 0.90100002288818359375 0.36599999666213989258 0.53299999237060546875 0.40200001001358032227 0.2430000007152557373 0.2870000004768371582 0.48300001025199890137 0.37799999117851257324 0.24799999594688415527 -9 -9 -9 -9 -9 -9 -9 -9 -9
0 0.054000001400709152222 0 0 0 0 0 0 0.97200000286102294922 0 0 0 0 0 0.53899997472763061523 2.2330000400543212891 3.5099999904632568359 2.4760000705718994141 1.7170000076293945312 2.375 1.6640000343322753906 1.4490000009536743164 0.55000001192092895508 0.32199999690055847168 0.64300000667572021484 0.80000001192092895508 1.4119999408721923828 1.261999964714050293 1.6920000314712524414 0.93199998140335083008 2.0039999485015869141 1.2710000276565551758 1.0870000123977661133 1.1510000228881835938 1.6119999885559082031 1.4329999685287475586 1.4869999885559082031 1.6280000209808349609 0.74400001764297485352 0.50599998235702514648 1.1410000324249267578 0.5879999995231628418 0.94199997186660766602 0.46700000762939453125 1.0679999589920043945 1.0590000152587890625 0.81999999284744262695 0.79900002479553222656 0.69400000572204589844 0.12899999320507049561 0.19900000095367431641 -9 -9 -9 -9 -9 -9 -9 -9 -9 -9 -9 -9 -9
-9 -9 -9 -9 0 0 0 0.0020000000949949026108 0 0 0 0 0 0.98400002717971801758 1.011999964714050293 3.1909999847412109375 2.8570001125335693359 2.2750000953674316406 1.6360000371932983398 1.8990000486373901367 1.7910000085830688477 1.7319999933242797852 0.9409999847412109375 0.78299999237060546875 1.1119999885559082031 1.1560000181198120117 0.32499998807907104492 0.5220000147819519043 1.0980000495910644531 0.88200002908706665039 1.754999995231628418 1.8530000448226928711 1.4769999980926513672 1.3140000104904174805 0.95899999141693115234 1.0479999780654907227 1.0310000181198120117 1.3860000371932983398 1.7400000095367431641 1.0169999599456787109 0.99000000953674316406 0.67400002479553222656 0.75 1.0099999904632568359 1.0770000219345092773 0.63499999046325683594 0.70999997854232788086 0.42500001192092895508 0.4339999854564666748 0.65700000524520874023 -9 -9 -9 -9 -9 -9 -9 -9 -9 -9 -9 -9 -9 -9
-9 -9 -9 -9 -9 -9 0 0.12399999797344207764 0.093000002205371856689 0.0099999997764825820923 0 0 1.6729999780654907227 1.3070000410079956055 2.6809999942779541016 3.0599999427795410156 2.5290000438690185547 2.0309998989105224609 3.3150000572204589844 1.7350000143051147461 1.1360000371932983398 1.6280000209808349609 2.7009999752044677734 1.3129999637603759766 2.0569999217987060547 1.2319999933242797852 0.87599998712539672852 0.71200001239776611328 0.59399998188018798828 1.3190000057220458984 1.7259999513626098633 1.2300000190734863281 0.72200000286102294922 1.4589999914169311523 0.67500001192092895508 0.48199999332427978516 4.1279997825622558594 5.8020000457763671875 1.7779999971389770508 1.8890000581741333008 1.4539999961853027344 1.4119999408721923828 1.0210000276565551758 1.0329999923706054688 0.4560000002384185791 0.80500000715255737305 0.42300000786781311035 0.2720000147819519043 -9 -9 -9 -9 -9 -9 -9 -9 -9 -9 -9 -9 -9 -9 -9 -9
-9 -9 -9 -9 -9 -9 -9 0.017000000923871994019 0.030999999493360519409 0 0 1.0349999666213989258 4.38899993896484375 1.1069999933242797852 2.1649999618530273438 2.4230000972747802734 3.9019999504089355469 1.9479999542236328125 1.4500000476837158203 0.95700001716613769531 1.4060000181198120117 1.8430000543594360352 2.2300000190734863281 1.1499999761581420898 2.7439999580383300781 2.5260000228881835938 1.1150000095367431641 1.2209999561309814453 1.4049999713897705078 1.8589999675750732422 1.5549999475479125977 1.0559999942779541016 0.95300000905990600586 1.1039999723434448242 1.8190000057220458984 1.3470000028610229492 2.3710000514984130859 1.5640000104904174805 1.1720000505447387695 1.368000030517578125 1.0839999914169311523 1.2289999723434448242 1.2170000076293945312 0.69599997997283935547 0.35899999737739562988 -9 -9 -9 -9 -9 -9 -9 -9 -9 -9 -9 -9 -9 -9 -9 -9 -9 -9 -9
-9 -9 -9 -9 -9 -9 -9 -9 0 0 0 1.7050000429153442383 3.5399999618530273438 2.51399993896484375 2.7769999504089355469 2.0399999618530273438 1.7649999856948852539 0.95399999618530273438 1.381999969482421875 1.7599999904632568359 1.373000025749206543 1.9110000133514404297 1.7389999628067016602 1.8170000314712524414 1.8409999608993530273 1.6460000276565551758 1.1610000133514404297 1.25 1.3919999599456787109 2.8350000381469726562 0.87300002574920654297 4.3070001602172851562 2.7630000114440917969 2.8299999237060546875 1.631999969482421875 1.4620000123977661133 1.6649999618530273438 0.89399999380111694336 1.3860000371932983398 1.3370000123977661133 1.4620000123977661133 1.0390000343322753906 0.47099998593330383301 -9 -9 -9 -9 -9 -9 -9 -9 -9 -9 -9 -9 -9 -9 -9 -9 -9 -9 -9 -9 -9
-9 -9 -9 -9 -9 -9 -9 -9 6.6129999160766601562 0.075999997556209564209 1.8760000467300415039 1.7899999618530273438 2.9430000782012939453 3.0050001144409179688 1.9450000524520874023 2.1240000724792480469 2.0360000133514404297 0.88499999046325683594 1.3370000123977661133 1.126999974250793457 1.3760000467300415039 0.94199997186660766602 1.2070000171661376953 1.2359999418258666992 2.2620000839233398438 1.5659999847412109375 1.1119999885559082031 1.4229999780654907227 2.1280000209808349609 3.1689999103546142578 2.2139999866485595703 3.0710000991821289062 4.0999999046325683594 2.9779999256134033203 2.9309999942779541016 2.6570000648498535156 1.8949999809265136719 1.1449999809265136719 0.86900001764297485352 2.6819999217987060547 2.0840001106262207031 -9 -9 -9 -9 -9 -9 -9 -9 -9 -9 -9 -9 -9 -9 -9 -9 -9 -9 -9 -9 -9 -9 -9
-9 -9 -9 -9 -9 -9 -9 -9 5.6050000190734863281 2.0929999351501464844 1.3300000429153442383 1.2250000238418579102 1.2319999933242797852 0.75499999523162841797 0.66100001335144042969 0.77799999713897705078 0.54900002479553222656 0.63400000333786010742 1.2539999485015869141 1.8339999914169311523 1.2419999837875366211 3.1749999523162841797 1.4609999656677246094 2.1189999580383300781 3.9049999713897705078 2.8020000457763671875 0.69900000095367431641 3.8389999866485595703 6.73600006103515625 3.6380000114440917969 5.645999908447265625 3.0160000324249267578 1.8530000448226928711 3.0009999275207519531 5.0100002288818359375 2.4509999752044677734 1.6289999485015869141 0.49500000476837158203 1.6970000267028808594 -9 -9 -9 -9 -9 -9 -9 -9 -9 -9 -9 -9 -9 -9 -9 -9 -9 -9 -9 -9 -9 -9 -9 -9 -9
-9 -9 -9 -9 -9 -9 -9 2.4590001106262207031 3.6500000953674316406 1.7899999618530273438 1.7039999961853027344 0.97000002861022949219 1.0010000467300415039 1.5700000524520874023 1.1809999942779541016 0.61299997568130493164 0.70300000905990600586 1.1510000228881835938 1.4160000085830688477 1.4839999675750732422 2.770999908447265625 2.1659998893737792969 1.0420000553131103516 1.9490000009536743164 1.7269999980926513672 3.1370000839233398438 2.9579999446868896484 4.5120000839233398438 6.7969999313354492188 4.6620001792907714844 2.5769999027252197266 3.4920001029968261719 6.6560001373291015625 4.86100006103515625 3.3640000820159912109 3.7850000858306884766 1.4149999618530273438 3.2049999237060546875 -9 -9 -9 -9 -9 -9 -9 -9 -9 -9 -9 -9 -9 -9 -9 -9 -9 -9 -9 -9 -9 -9 -9 -9 -9 -9
-9 -9 -9 -9 -9 -9 0 0 1.7220000028610229492 1.5570000410079956055 0.70300000905990600586 1.0240000486373901367 1.743000030517578125 0.95099997520446777344 0.79199999570846557617 0.49399998784065246582 0.54699999094009399414 1.6510000228881835938 1.0880000591278076172 3.0429999828338623047 4.2829999923706054688 4.9359998703002929688 2.3199999332427978516 2.7550001144409179688 3.2420001029968261719 3.8369998931884765625 3.5840001106262207031 3.8480000495910644531 4.0780000686645507812 4.5110001564025878906 4.0199999809265136719 2.506999969482421875 3.8800001144409179688 6.4489998817443847656 3.6089999675750732422 5.1900000572204589844 -9 -9 -9 -9 -9 -9 -9 -9 -9 -9 -9 -9 -9 -9 -9 -9 -9 -9 -9 -9 -9 -9 -9 -9 -9 -9 -9 -9
-9 -9 -9 -9 -9 0.90299999713897705078 2.5390000343322753906 5.465000152587890625 2.1879999637603759766 0.57800000905990600586 0.84200000762939453125 1.1219999790191650391 2.3949999809265136719 1.9960000514984130859 1.4780000448226928711 0.43799999356269836426 1.3070000410079956055 3.2279999256134033203 2.756999969482421875 4.4229998588562011719 3.3380000591278076172 4.7490000724792480469 2.7230000495910644531 3.3150000572204589844 3.7390000820159912109 3.8949999809265136719 2.7079999446868896484 4.7199997901916503906 6.2760000228881835938 5.076000213623046875 3.9639999866485595703 3.3359999656677246094 2.9949998855590820312 4.6160001754760742188 3.2929999828338623047 -9 -9 -9 -9 -9 -9 -9 -9 -9 -9 -9 -9 -9 -9 -9 -9 -9 -9 -9 -9 -9 -9 -9 -9 -9 -9 -9 -9 -9
-9 -9 -9 -9 0.36899998784065246582 3.1310000419616699219 2.5490000247955322266 5.1380000114440917969 1.3550000190734863281 1.743000030517578125 1.3140000104904174805 2.9820001125335693359 2.0690000057220458984 1.8470000028610229492 2.7149999141693115234 1.0490000247955322266 1.8980000019073486328 1.506999969482421875 2.1470000743865966797 7.2630000114440917969 3.5680000782012939453 2.8770000934600830078 3.4739999771118164062 2.9920001029968261719 3.2190001010894775391 6.6609997749328613281 3.9149999618530273438 6.9619998931884765625 6.6079998016357421875 5.7950000762939453125 6.2280001640319824219 4.9439997673034667969 6.7760000228881835938 2.88899993896484375 -9 -9 -9 -9 -9 -9 -9 -9 -9 -9 -9 -9 -9 -9 -9 -9 -9 -9 -9 -9 -9 -9 -9 -9 -9 -9 -9 -9 -9 -9
-9 -9 -9 0 4.8810000419616699219 4.1259999275207519531 4.145999908447265625 3.7880001068115234375 1.7220000028610229492 1.1390000581741333008 2.6979999542236328125 2.1579999923706054688 1.9309999942779541016 1.4900000095367431641 1.2089999914169311523 3.7170000076293945312 2.4059998989105224609 4.0260000228881835938 2.7539999485015869141 4.2899999618530273438 4.1620001792907714844 3.8770000934600830078 3.5390000343322753906 7.1929998397827148438 4.2210001945495605469 2.9700000286102294922 7.8509998321533203125 5.6820001602172851562 7.9670000076293945312 2.9279999732971191406 4.5240001678466796875 3.4519999027252197266 0.10400000214576721191 0.29100000858306884766 -9 -9 -9 -9 -9 -9 -9 -9 -9 -9 -9 -9 -9 -9 -9 -9 -9 -9 -9 -9 -9 -9 -9 -9 -9 -9 -9 -9 -9 -9
4.5609998703002929688 5.13899993896484375 4.0619997978210449219 0.68800002336502075195 2.4210000038146972656 4.1890001296997070312 3.770999908447265625 3.0959999561309814453 2.4300000667572021484 3.5309998989105224609 3.6349999904632568359 3.0420000553131103516 1.7779999971389770508 3.9900000095367431641 3.7390000820159912109 2.8169999122619628906 1.1629999876022338867 4.3790001869201660156 2.0940001010894775391 6.0159997940063476562 5.58300018310546875 1.4270000457763671875 1.0160000324249267578 4.2690000534057617188 2.5009999275207519531 4.3299999237060546875 5.3530001640319824219 0.85699999332427978516 0.2169999927282333374 0.28999999165534973145 0.58499997854232788086 1.2829999923706054688 0.45699998736381530762 0.9629999995231628418 -9 -9 -9 -9 -9 -9 -9 -9 -9 -9 -9 -9 -9 -9 -9 -9 -9 -9 -9 -9 -9 -9 -9 -9 -9 -9 -9 -9 -9 -9
3.9489998817443847656 4.4219999313354492188 3.4869999885559082031 3.9900000095367431641 4.1139998435974121094 4.4369997978210449219 1.6430000066757202148 3.1229999065399169922 4.3600001335144042969 4.0929999351501464844 3.8299999237060546875 4.0320000648498535156 3.2139999866485595703 3.7170000076293945312 5.4050002098083496094 5.1050000190734863281 2.5 4.5850000381469726562 7.2459998130798339844 5.58300018310546875 3.2679998874664306641 0 0 2.6570000648498535156 7.9609999656677246094 3.8099999427795410156 7.0040001869201660156 0 0 0 0 2.2439999580383300781 0 0 -9 -9 -9 -9 -9 -9 -9 -9 -9 -9 -9 -9 -9 -9 -9 -9 -9 -9 -9 -9 -9 -9 -9 -9 -9 -9 -9 -9 -9 -9
4.1890001296997070312 5.9600000381469726562 1.8569999933242797852 2.3050000667572021484 3.9579999446868896484 2.6400001049041748047 2.3350000381469726562 3.2650001049041748047 3.1689999103546142578 2.1370000839233398438 3.2509999275207519531 5.2189998626708984375 3.6129999160766601562 4.3699998855590820312 5.5720000267028808594 5.1100001335144042969 2.7009999752044677734 1.6829999685287475586 6.4489998817443847656 8.9549999237060546875 5.1789999008178710938 4.0040001869201660156 0 0 -9 -9 9.63899993896484375 8.944000244140625 -9 -9 -9 -9 -9 -9 -9 -9 -9 -9 -9 -9 -9 -9 -9 -9 -9 -9 -9 -9 -9 -9 -9 -9 -9 -9 -9 -9 -9 -9 -9 -9 -9 -9 -9 -9
3.8859999179840087891 1.863000035285949707 3.4000000953674316406 4.4629998207092285156 5.2820000648498535156 4.5450000762939453125 3.3870000839233398438 4.1380000114440917969 5.1449999809265136719 4.4899997711181640625 6.3559999465942382812 4.8319997787475585938 4.576000213623046875 5.7909998893737792969 5.6269998550415039062 1.2339999675750732422 2.0610001087188720703 5.9450001716613769531 8.83300018310546875 8.8629999160766601562 -9 -9 -9 -9 -9 -9 -9 -9 -9 -9 -9 -9 -9 -9 -9 -9 -9 -9 -9 -9 -9 -9 -9 -9 -9 -9 -9 -9 -9 -9 -9 -9 -9 -9 -9 -9 -9 -9 -9 -9 -9 -9 -9 -9
2.7479999065399169922 3.395999908447265625 3.4100000858306884766 4.6149997711181640625 5.6589999198913574219 4.0399999618530273438 2.8900001049041748047 4.645999908447265625 6.0399999618530273438 5.3509998321533203125 4.7909998893737792969 4.798999786376953125 5.6269998550415039062 4.2560000419616699219 7.9149999618530273438 8.3450002670288085938 -9 6.645999908447265625 6.5 -9 -9 -9 -9 -9 -9 -9 -9 -9 -9 -9 -9 -9 -9 -9 -9 -9 -9 -9 -9 -9 -9 -9 -9 -9 -9 -9 -9 -9 -9 -9 -9 -9 -9 -9 -9 -9 -9 -9 -9 -9 -9 -9 -9 -9
3.8940000534057617188 4.8639998435974121094 3.0659999847412109375 4.8870000839233398438 6.229000091552734375 3.8459999561309814453 2.6240000724792480469 3.7839999198913574219 4.8189997673034667969 4.354000091552734375 3.5469999313354492188 3.3440001010894775391 4.2420001029968261719 7.7610001564025878906 -9 -9 -9 6.9770002365112304688 6.5440001487731933594 8.9940004348754882812 -9 -9 -9 -9 -9 -9 -9 -9 -9 -9 -9 -9 -9 -9 -9 -9 -9 -9 -9 -9 -9 -9 -9 -9 -9 -9 -9 -9 -9 -9 -9 -9 -9 -9 -9 -9 -9 -9 -9 -9 -9 -9 -9 -9
3.1199998855590820312 0.55599999427795410156 0.99800002574920654297 3.2539999485015869141 3.5739998817443847656 2.4230000972747802734 4.6500000953674316406 3.8550000190734863281 2.3859999179840087891 2.2249999046325683594 4.4660000801086425781 0 -9 -9 -9 -9 -9 -9 -9 -9 -9 -9 -9 -9 -9 -9 -9 -9 -9 -9 -9 -9 -9 -9 -9 -9 -9 -9 -9 -9 -9 -9 -9 -9 -9 -9 -9 -9 -9 -9 -9 -9 -9 -9 -9 -9 -9 -9 -9 -9 -9 -9 -9 -9
-9 3.8469998836517333984 2.1259999275207519531 1.7819999456405639648 3.2739999294281005859 3.3970000743865966797 3.8190000057220458984 5.1609997749328613281 3.5490000247955322266 4.0679998397827148438 0 3.0999999046325683594 4.9730000495910644531 6.8790001869201660156 7.5159997940063476562 -9 -9 -9 -9 -9 -9 -9 -9 -9 -9 -9 -9 -9 -9 -9 -9 -9 -9 -9 -9 -9 -9 -9 -9 -9 -9 -9 -9 -9 -9 -9 -9 -9 -9 -9 -9 -9 -9 -9 -9 -9 -9 -9 -9 -9 -9 -9 -9 -9
-9 3.0269999504089355469 4.076000213623046875 4.1069998741149902344 4.54199981689453125 3.6900000572204589844 3.2850000858306884766 2.5 -9 5.6129999160766601562 3.0539999008178710938 4.9149999618530273438 5.4200000762939453125 5.8369998931884765625 5.4180002212524414062 4.6149997711181640625 -9 -9 -9 -9 -9 -9 -9 -9 -9 -9 -9 -9 -9 -9 -9 -9 -9 -9 -9 -9 -9 -9 -9 -9 -9 -9 -9 -9 -9 -9 -9 -9 -9 -9 -9 -9 -9 -9 -9 -9 -9 -9 -9 -9 -9 -9 -9 -9
