data/grid-m7343526deca8746024e3479b24d430262e9f5ef2/data.asc
ncols        736
nrows        427
xllcorner    73.500000000000
yllcorner    18.083333333333
cellsize     0.083333333333
NODATA_value     -9
[rows 0 to 28 of 427, columns 576 to 639 of 736]
-9 -9 -9 -9 -9 -9 -9 -9 -9 -9 -9 -9 -9 -9 -9 -9 -9 -9 -9 -9 -9 -9 -9 -9 -9 -9 -9 -9 -9 -9 -9 -9 -9 -9 -9 -9 -9 -9 -9 -9 -9 -9 -9 -9 -9 -9 -9 -9 -9 -9 -9 -9 -9 -9 -9 -9 -9 -9 -9 -9 -9 -9 -9 -9
-9 -9 -9 -9 -9 -9 -9 -9 -9 -9 -9 -9 -9 -9 -9 -9 -9 -9 -9 -9 -9 1.2940000295639038086 -9 -9 -9 0.92100000381469726562 -9 -9 -9 -9 -9 -9 -9 -9 -9 -9 -9 -9 -9 -9 -9 -9 -9 -9 -9 -9 -9 -9 -9 -9 -9 -9 -9 -9 -9 -9 -9 -9 -9 -9 -9 -9 -9 -9
-9 -9 -9 -9 -9 -9 -9 -9 0 0 0.77300000190734863281 -9 -9 0 0 1.373000025749206543 1.383999943733215332 0 0.95599997043609619141 0 0 0 1.1239999532699584961 1.2220000028610229492 1.7649999856948852539 2.3849999904632568359 2.3280000686645507812 2.5929999351501464844 2.4739999771118164062 -9 -9 -9 -9 -9 -9 -9 -9 -9 -9 -9 -9 -9 -9 -9 -9 -9 -9 -9 -9 -9 -9 -9 -9 -9 -9 -9 -9 -9 -9 -9 -9 -9 -9 -9
-9 -9 0 0 0 0 0 0 0 0 0 0 0 0 0 0 0 0 0 0 0 1.0579999685287475586 1.2239999771118164062 0 1.3270000219345092773 0.89499998092651367188 2.8229999542236328125 3.1909999847412109375 3.1289999485015869141 2.9879999160766601562 1.756999969482421875 -9 -9 -9 -9 -9 -9 -9 -9 -9 -9 -9 -9 -9 -9 -9 -9 -9 -9 -9 -9 -9 -9 -9 -9 -9 -9 -9 -9 -9 -9 -9 -9 -9
0 0 0 0 0 0 0 0 0 0 0 0 0 0 0 0 0 0 0.95200002193450927734 0.61299997568130493164 0.94499999284744262695 1.3450000286102294922 0 0 2.4890000820159912109 1.1039999723434448242 0.76899999380111694336 1.988000035285949707 2.5710000991821289062 2.8759999275207519531 2.9609999656677246094 2.7799999713897705078 2.4939999580383300781 1.8580000400543212891 -9 -9 -9 -9 -9 -9 -9 -9 -9 -9 -9 -9 -9 -9 -9 -9 -9 -9 -9 -9 -9 -9 -9 -9 -9 -9 -9 -9 -9 -9
0 0 0 0 0 0 0 0 0 0 0 0 0 0 0 0 0 0 1.6139999628067016602 0 0 0 0 2.7530000209808349609 1.4110000133514404297 1.6920000314712524414 2.1210000514984130859 0 1.9140000343322753906 1.7439999580383300781 0 2.243000030517578125 1.9809999465942382812 1.8919999599456787109 2.5169999599456787109 2.1199998855590820312 -9 2.1860001087188720703 -9 -9 -9 -9 -9 -9 -9 -9 -9 -9 -9 -9 -9 -9 -9 -9 -9 -9 -9 -9 -9 -9 -9 -9 -9 -9
0 0 0 0 0 0 0 0 0 0 0 0 0 0 0 0 0 0 0 0 0 0 0 1.4609999656677246094 1.8940000534057617188 1.3890000581741333008 0 0 2.6429998874664306641 2.993000030517578125 2.5169999599456787109 1.5290000438690185547 1.1430000066757202148 1.3650000095367431641 1.3500000238418579102 2.2799999713897705078 3.354000091552734375 3.13899993896484375 2.6280000209808349609 2.6229999065399169922 2.0380001068115234375 3.4530000686645507812 3.479000091552734375 2.2300000190734863281 2.4979999065399169922 2.6419999599456787109 2.4609999656677246094 -9 -9 -9 -9 -9 -9 -9 -9 -9 -9 -9 -9 -9 -9 -9 -9 -9
0 0 0 0 0 0 0 0 0 0 0 0 0 0 0 0 0 0 0 0 0 0 0 0 0.66399997472763061523 0 0 0 0 1.5679999589920043945 2.0309998989105224609 1.3259999752044677734 2.2149999141693115234 3.1029999256134033203 3.1170001029968261719 2.7049999237060546875 2.1619999408721923828 3.3929998874664306641 3.0680000782012939453 2.7200000286102294922 1.6829999685287475586 2.0810000896453857422 2.5199999809265136719 1.2849999666213989258 2.4800000190734863281 3.020999908447265625 3.5350000858306884766 3.0989999771118164062 2.76399993896484375 2.506999969482421875 -9 -9 -9 -9 -9 -9 -9 -9 -9 -9 -9 -9 -9 -9
0 0 0 0 0 0 0 0 0 0 0 0 0 0 0 0 0 0 0 0 0 0 0 0 0.71899998188018798828 0 0 0 0 1.5959999561309814453 1.9700000286102294922 1.1330000162124633789 3.2950000762939453125 0 2.9530000686645507812 0.875 1.6729999780654907227 1.6649999618530273438 2.3519999980926513672 1.2039999961853027344 2.9909999370574951172 3.2460000514984130859 3.3859999179840087891 2.7699999809265136719 2.0429999828338623047 1.8250000476837158203 3.6089999675750732422 3.4530000686645507812 3.4849998950958251953 3.3689999580383300781 2.5590000152587890625 -9 -9 -9 -9 -9 -9 -9 -9 -9 -9 -9 -9 -9
0 0 0 0 0 0 0 0 0 0 0 0 0 0 0 0 0 0 0 0 0 0 0 0 0 0 0 0 0 0 1.5850000381469726562 0.77799999713897705078 3.1170001029968261719 0 1.7089999914169311523 1.4739999771118164062 1.4110000133514404297 2.4370000362396240234 2.9590001106262207031 2.5659999847412109375 3.1930000782012939453 2.6860001087188720703 1.8999999761581420898 2.2750000953674316406 2.8980000019073486328 1.6289999485015869141 2.479000091552734375 3.3949999809265136719 3.4059998989105224609 2.8059999942779541016 1.9390000104904174805 2.9159998893737792969 -9 -9 -9 -9 -9 -9 -9 -9 -9 -9 -9 -9
0 0 0 0 0 0 0 0 0 0 0 0 0 0 0 0 0 0 0 0 0 0 0 0 0 0 0 0 1.0130000114440917969 0.91000002622604370117 1.2979999780654907227 1.491000056266784668 2.6760001182556152344 1.1529999971389770508 2.1630001068115234375 2.1429998874664306641 1.4099999666213989258 0 0 0 2.5169999599456787109 2.0269999504089355469 2.5550000667572021484 2.4990000724792480469 2.5269999504089355469 1.9639999866485595703 3.5659999847412109375 3.0539999008178710938 3.5460000038146972656 3.4100000858306884766 3.3929998874664306641 3.6289999485015869141 3.2899999618530273438 -9 -9 -9 -9 -9 -9 -9 -9 -9 -9 -9
0 0 0 0 0 0 0 0 0 0 0 0 0 0 0 0 0 0 0 0 0 0 0 0 0 0 0 0 0.87599998712539672852 1.4630000591278076172 0 0 0 0 0 1.3569999933242797852 1.2760000228881835938 0 0 0 0 1.75 2.2009999752044677734 2.8729999065399169922 2.0260000228881835938 2.368000030517578125 3.0869998931884765625 3.6240000724792480469 3.5910000801086425781 3.61100006103515625 3.5060000419616699219 3.5690000057220458984 3.7579998970031738281 3.5320000648498535156 1.9090000391006469727 -9 -9 -9 -9 -9 -9 -9 -9 -9
0 0 0 0 0 0 0 0 0 0 0 0 0 0 0 0 0 0 0 0 0 0 0 0 0 0 0 0.66100001335144042969 0 0 0 0 0 0 0 0 2.0829999446868896484 1.4639999866485595703 0 1.4470000267028808594 1.1950000524520874023 1.8170000314712524414 1.7389999628067016602 1.3240000009536743164 3.0030000209808349609 3.3640000820159912109 2.4300000667572021484 2.6900000572204589844 2.6989998817443847656 3.4319999217987060547 3.3180000782012939453 3.6199998855590820312 2.9920001029968261719 2.0590000152587890625 -9 -9 -9 -9 -9 -9 -9 -9 -9 -9
0 0 0 0 0 0 0 0 0 0 0 0 0 0 0 0 0 0 0 0 0 0 0 0 0 0 0 0 0 0 0 0 0 0 0 0 1.2920000553131103516 1.2749999761581420898 2.4509999752044677734 1.5540000200271606445 2.2109999656677246094 2.8710000514984130859 2.4140000343322753906 2.3399999141693115234 2.2760000228881835938 1.8179999589920043945 1.5620000362396240234 1.9839999675750732422 1.6579999923706054688 2.0130000114440917969 3.0090000629425048828 3.6240000724792480469 3.0309998989105224609 2.7630000114440917969 3.2809998989105224609 2.1930000782012939453 -9 -9 -9 -9 -9 -9 -9 -9
0 0 0 0 0 0 0 0 0 0 0 0 0 0 0 0 0 0 0 0 0 0 0 0 0 0 0 0 0 0 0 0 0 0 0 1.0160000324249267578 1.0889999866485595703 1.8099999427795410156 1.4630000591278076172 0.9120000004768371582 2.1080000400543212891 2.4809999465942382812 2.1689999103546142578 2.3310000896453857422 2.6259999275207519531 3.3900001049041748047 2.4360001087188720703 2.1879999637603759766 3.1719999313354492188 3.5039999485015869141 3.4400000572204589844 3.7249999046325683594 3.7409999370574951172 3.8220000267028808594 3.8369998931884765625 2.5490000247955322266 1.9299999475479125977 -9 -9 -9 -9 -9 -9 -9
0 0 0 0 0 0 0 0 0 0 0 0 0 0 0 0 0 0 0 0 0 0 0 0 0 0 0 0 0 0 0 0 0 0.76499998569488525391 1.118000030517578125 1.2460000514984130859 2.7300000190734863281 2.5659999847412109375 1.8639999628067016602 2.0829999446868896484 1.1499999761581420898 0.66900002956390380859 2.2219998836517333984 1.6660000085830688477 2.6830000877380371094 3.3740000724792480469 3.2920000553131103516 3.4340000152587890625 3.26399993896484375 3.5499999523162841797 3.645999908447265625 3.5060000419616699219 3.6960000991821289062 3.7490000724792480469 3.8510000705718994141 3.8210000991821289062 3.4409999847412109375 1.4259999990463256836 -9 -9 -9 -9 -9 -9
0 0 0 0 0 0 0 0 0 0 0 0 0 0 0 0 0 0 0 0 0 0 0 0 0 0 0 0 0 0 0 0 0 0.47099998593330383301 0.49200001358985900879 0.64300000667572021484 1.0269999504089355469 1.7309999465942382812 0.93699997663497924805 2.2390000820159912109 1.3059999942779541016 2.1830000877380371094 3.1410000324249267578 3.3199999332427978516 3.2449998855590820312 3.3519999980926513672 3.1099998950958251953 3.4690001010894775391 3.6219999790191650391 3.5020000934600830078 3.6770000457763671875 3.9100000858306884766 3.7490000724792480469 3.6019999980926513672 3.9260001182556152344 3.9149999618530273438 3.2249999046325683594 2.1029999256134033203 -9 -9 -9 -9 -9 -9
0 0 0 0 0 0 0 0 0 0 0 0 0 0 0 0 0 0 0 0 0 0 0 0 0 0 0 0 0 0.50499999523162841797 0.37999999523162841797 0.36300000548362731934 0.46799999475479125977 0 0 0 0 1.3589999675750732422 0.16699999570846557617 1.4420000314712524414 0 0 2.9219999313354492188 2.9549999237060546875 3.1740000247955322266 3.1679999828338623047 3.3299999237060546875 3.2750000953674316406 2.8059999942779541016 2.7969999313354492188 3.3340001106262207031 3.7750000953674316406 3.7660000324249267578 3.6919999122619628906 3.7769999504089355469 3.7769999504089355469 3.0980000495910644531 1.8689999580383300781 -9 -9 -9 -9 -9 -9
0 0 0 0 0 0 0 0 0 0 0 0 0 0 0 0 0 0 0 0 0 0 0 0 0 0.68900001049041748047 0 0 0 0 0 0 0 0 0 0.2939999997615814209 0 1.7309999465942382812 0.50099998712539672852 1.8150000572204589844 0 0 2.2009999752044677734 2.3910000324249267578 2.5729999542236328125 2.756999969482421875 2.2609999179840087891 1.1679999828338623047 1.9359999895095825195 2.5120000839233398438 1.8999999761581420898 2.2720000743865966797 3.8489999771118164062 3.7679998874664306641 3.7170000076293945312 3.9849998950958251953 3.8190000057220458984 3.2339999675750732422 3.2679998874664306641 1.5570000410079956055 -9 -9 -9 -9
0 0 0 0 0 0 0 0 0 0 0 0 0 0 0 0 0 0 0 0 0 0 0 0 0 0 0 0 0 0 0 0 0 0 0 0 0 2.2760000228881835938 0.34200000762939453125 2.13899993896484375 1.5850000381469726562 0.54500001668930053711 1.0410000085830688477 1.4659999608993530273 1.498000025749206543 1.2059999704360961914 2.0179998874664306641 3.1549999713897705078 2.2190001010894775391 1.3439999818801879883 1.8689999580383300781 2.1770000457763671875 2.1440000534057617188 3.8450000286102294922 3.6470000743865966797 3.2049999237060546875 3.6740000247955322266 3.8589999675750732422 2.1979999542236328125 1.2849999666213989258 -9 -9 -9 -9
0 0 0 0 0 0 0 0 0 0 0 0 0 0 0 0 0 0 0 0 0 0 0 0 0 0 0 0 0 0 0 0 0 0 0 0 1.4609999656677246094 0.54799997806549072266 0.88700002431869506836 0 0 0 0 2.3420000076293945312 2.8059999942779541016 2.1610000133514404297 3.0329999923706054688 2.7520000934600830078 3.1010000705718994141 3.3980000019073486328 3.6659998893737792969 3.2249999046325683594 2.6240000724792480469 2.0820000171661376953 1.7580000162124633789 2.6240000724792480469 2.1830000877380371094 2.4920001029968261719 3.0199999809265136719 2.4089999198913574219 -9 -9 -9 -9
0 0 0 0 0 0 0 0 0 0 0 0 0 0 0 0 0 0 0 0 0 0 0 0 0 0 0 0 0 0 0 0 0 0 0 0 0.46799999475479125977 0.65100002288818359375 0.91699999570846557617 0 0 0 0 2.3929998874664306641 2.1470000743865966797 2.5299999713897705078 2.9049999713897705078 2.8729999065399169922 2.5320000648498535156 2.8120000362396240234 2.3970000743865966797 1.5 2.4319999217987060547 3.5820000171661376953 3.26399993896484375 3.1730000972747802734 2.0880000591278076172 1.8439999818801879883 3.4289999008178710938 2.0690000057220458984 -9 -9 -9 -9
0 0 0 0 0 0 0 0 0 0 0 0 0 0 0 0 0 0 0 0 0 0 0 0 0 0 0 0 0 0 0 0 0 0 0 0.62999999523162841797 0.22699999809265136719 0 0 0 0 0 0 1.6809999942779541016 2.2730000019073486328 2.6349999904632568359 3.0009999275207519531 2.9949998855590820312 2.8519999980926513672 2.2999999523162841797 1.4670000076293945312 2.8020000457763671875 1.4570000171661376953 2.2990000247955322266 2.2090001106262207031 1.5429999828338623047 1.008999943733215332 1.3049999475479125977 2.8469998836517333984 3.8870000839233398438 1.7350000143051147461 -9 -9 -9
0 0 0 0 0 0 0 0 0 0 0 0 0 0 0 0 0 0 0 0 0 0 0 0 0 0 0 0 0 0 0 0 0 0 1.2580000162124633789 0.92299997806549072266 1.2890000343322753906 1.2660000324249267578 1.4559999704360961914 0 0 0 1.7710000276565551758 1.1549999713897705078 2.5179998874664306641 2.7539999485015869141 2.2620000839233398438 2.2999999523162841797 2.7019999027252197266 2.9879999160766601562 3.0179998874664306641 2.1700000762939453125 2.6530001163482666016 1.248000025749206543 1.7339999675750732422 2.9670000076293945312 1.8789999485015869141 2.1080000400543212891 0.9120000004768371582 2.0580000877380371094 0.70499998331069946289 0.1729999929666519165 -9 -9
0 0 0 0 0 0 0 0 0 0 0 0 0 0 0 0 0 0 0 0 0 0 0 0 0 0 0 0 0 0 0 0 0 0 0.84899997711181640625 2.2039999961853027344 0 0.64600002765655517578 1.9140000343322753906 0 0 0 0 0 2.4279999732971191406 2.5469999313354492188 2.3039999008178710938 2.2469999790191650391 1.4769999980926513672 1.3450000286102294922 1.6390000581741333008 1.9589999914169311523 1.5629999637603759766 1.5 1.6940000057220458984 2.5999999046325683594 2.6860001087188720703 2.9839999675750732422 2.2239999771118164062 0.99299997091293334961 2.9830000400543212891 1.2250000238418579102 -9 -9
0 0 0 0 0 0 0 0 0 0 0 0 0 0 0 0 0 0 0 0 0 0 0 0 0 0 0 0 0 0 0 0 0 0 0.77300000190734863281 0 0 1.8849999904632568359 0.56499999761581420898 1.1959999799728393555 0 0 0 2.8220000267028808594 1.9539999961853027344 2.1610000133514404297 2.0799999237060546875 1.5190000534057617188 1.8459999561309814453 1.4919999837875366211 1.7719999551773071289 1.4069999456405639648 2.4189999103546142578 2.9100000858306884766 2.895999908447265625 2.4900000095367431641 1.7790000438690185547 1.5970000028610229492 1.0269999504089355469 2.3529999256134033203 1.4529999494552612305 2.3380000591278076172 1.2130000591278076172 1.3099999427795410156
0 0 0 0 0 0 0 0 0 0 0 0 0 0 0 0 0 0 0 0 0 0 0 0 0 0 0 0 0 0 0 0 0 0.50900000333786010742 0 0 0 0 0.90899997949600219727 0 0 0 1.2189999818801879883 2.8380000591278076172 1.9689999818801879883 2.3120000362396240234 2.743000030517578125 2.3480000495910644531 0.56999999284744262695 2.2739999294281005859 1.5820000171661376953 2.1579999923706054688 2.7999999523162841797 2.4279999732971191406 1.8190000057220458984 1.2300000190734863281 1.2400000095367431641 2.0810000896453857422 1.5759999752044677734 2.9969999790191650391 1.8580000400543212891 2.0989999771118164062 2.9140000343322753906 -9
0 0 0 0 0 0 0 0 0 0 0 0 0 0 0 0 0 0 0 0 0 0 0 0 0 0 0 0 0 0 0 0 0 0 0 0 0 0 0 1.883999943733215332 0 1.6879999637603759766 2.0950000286102294922 2.2650001049041748047 1.6440000534057617188 2.1970000267028808594 2.9449999332427978516 3.1210000514984130859 2.98600006103515625 1.0249999761581420898 1.2610000371932983398 0.94400000572204589844 2.1649999618530273438 1.4029999971389770508 2.0699999332427978516 1.6289999485015869141 1.6779999732971191406 2.8050000667572021484 3.0739998817443847656 3.4440000057220458984 3.9300000667572021484 2.9879999160766601562 2.4500000476837158203 1.998000025749206543
0 0 0 0 0 0 0 0 0 0 0 0 0 0 0 0 0 0 0 0 0 0 0 0 0 0 0 0 0 0 0 0 1.75 0 0 0 0 0 1.7649999856948852539 1.5980000495910644531 1.9320000410079956055 1.7979999780654907227 1.8969999551773071289 1.633999943733215332 1.1490000486373901367 2.0109999179840087891 1.870000004768371582 2.98600006103515625 2.5179998874664306641 2.7009999752044677734 1.4040000438690185547 1.511999964714050293 1.6809999942779541016 1.623000025749206543 1.0709999799728393555 2.6779999732971191406 2.5510001182556152344 2.1870000362396240234 1.2460000514984130859 2.2390000820159912109 1.3789999485015869141 1.1859999895095825195 2.5360000133514404297 2.1679999828338623047
