data/grid-m7343526deca8746024e3479b24d430262e9f5ef2/data.asc
ncols        736
nrows        427
xllcorner    73.500000000000
yllcorner    18.083333333333
cellsize     0.083333333333
NODATA_value     -9
[rows 29 to 57 of 427, columns 512 to 575 of 736]
-9 -9 -9 -9 -9 -9 -9 -9 -9 -9 -9 -9 -9 -9 -9 -9 -9 -9 -9 -9 -9 -9 -9 -9 -9 -9 -9 -9 -9 -9 -9 -9 -9 -9 -9 -9 -9 -9 -9 -9 -9 -9 -9 2.1129999160766601562 0.90899997949600219727 0.96700000762939453125 1.2899999618530273438 1.0829999446868896484 0 0 0 0 0 0 0 0 0 0 0 0 0 0 0 0
-9 -9 -9 -9 -9 -9 -9 -9 -9 -9 -9 -9 -9 -9 -9 -9 -9 -9 -9 -9 -9 -9 -9 -9 -9 -9 -9 -9 -9 -9 -9 -9 -9 -9 -9 -9 -9 -9 -9 -9 -9 -9 -9 1.5779999494552612305 0.91699999570846557617 0.7789999842643737793 1.1169999837875366211 0 0 0 0 0 0 0 0 0 0 0 0 0 0 0 0 0
-9 -9 -9 -9 -9 -9 -9 -9 -9 -9 -9 -9 -9 -9 -9 -9 -9 -9 -9 -9 -9 -9 -9 -9 -9 -9 -9 -9 -9 -9 -9 -9 -9 -9 -9 -9 -9 -9 -9 -9 -9 -9 2.0910000801086425781 1.133999943733215332 0 1.3609999418258666992 1.4309999942779541016 1.2070000171661376953 0 0 0 0 0 0 0 0 0 0 0 0 0 0 0 0
-9 -9 -9 -9 -9 -9 -9 -9 -9 -9 -9 -9 -9 -9 -9 -9 -9 -9 -9 -9 -9 -9 -9 -9 -9 -9 -9 -9 -9 -9 -9 -9 -9 -9 -9 -9 -9 -9 -9 -9 -9 2.1710000038146972656 1.0709999799728393555 0 1.748000025749206543 1.375 0.68500000238418579102 0.61500000953674316406 0 0 0 2.1600000858306884766 0 0 0 0 0 0 0 0 0 0 0 0
-9 -9 -9 -9 -9 -9 -9 -9 -9 -9 -9 -9 -9 -9 -9 -9 -9 -9 -9 -9 -9 -9 -9 -9 -9 -9 -9 -9 -9 -9 -9 -9 -9 -9 -9 -9 -9 -9 -9 -9 1.7860000133514404297 1.0130000114440917969 1.0779999494552612305 0 1.3190000057220458984 0.57200002670288085938 1.0670000314712524414 0 0 1.6859999895095825195 1.9960000514984130859 1.6770000457763671875 0 0 0 0 0 0 0 0 0 0 0 0
-9 -9 -9 -9 -9 -9 -9 -9 -9 -9 -9 -9 -9 -9 -9 -9 -9 -9 -9 -9 -9 -9 -9 -9 -9 -9 -9 -9 -9 -9 -9 -9 -9 -9 -9 -9 -9 -9 -9 -9 1.373000025749206543 1.1380000114440917969 1.2510000467300415039 1.2319999933242797852 1.1840000152587890625 1.1490000486373901367 1.5440000295639038086 0 1.6929999589920043945 1.6219999790191650391 1.4329999685287475586 0 0 1.4409999847412109375 0 0 0 0 0 0 0 0 0 0
-9 -9 -9 -9 -9 -9 -9 -9 -9 -9 -9 -9 -9 -9 -9 -9 -9 -9 -9 -9 -9 -9 -9 -9 -9 -9 -9 -9 -9 -9 -9 -9 -9 -9 -9 -9 -9 -9 -9 1.6990000009536743164 1.7599999904632568359 1.379999995231628418 1.4190000295639038086 0.90799999237060546875 1.5130000114440917969 1.4470000267028808594 1.5420000553131103516 1.5039999485015869141 1.1109999418258666992 0.77300000190734863281 1.243000030517578125 0.88599997758865356445 0.85000002384185791016 1.1909999847412109375 0 0 0 0 0 0 0 0 0 0
-9 -9 -9 -9 -9 -9 -9 -9 -9 -9 -9 -9 -9 -9 -9 -9 -9 -9 -9 -9 -9 -9 -9 -9 -9 -9 -9 -9 -9 -9 -9 -9 -9 -9 -9 -9 -9 -9 1.0240000486373901367 0.98000001907348632812 1.4500000476837158203 1.3439999818801879883 0.9779999852180480957 1.5429999828338623047 1.506999969482421875 1.3760000467300415039 0.56800001859664916992 0.90200001001358032227 0.86000001430511474609 1.0859999656677246094 1.4900000095367431641 1.7280000448226928711 1.6900000572204589844 0 0 0 0 0 0 2.0399999618530273438 2.6029999256134033203 0 0 0
-9 -9 -9 -9 -9 -9 -9 -9 -9 -9 -9 -9 -9 -9 -9 -9 -9 -9 -9 -9 -9 -9 -9 -9 -9 -9 -9 -9 -9 -9 -9 -9 -9 -9 -9 -9 -9 0.79900002479553222656 1.4689999818801879883 1.5470000505447387695 1.0800000429153442383 0.75599998235702514648 1.4129999876022338867 1.2580000162124633789 1.0299999713897705078 0.63599997758865356445 1.2170000076293945312 1.3409999608993530273 1.3430000543594360352 1.5770000219345092773 2.0969998836517333984 2.2439999580383300781 1.9630000591278076172 2.0539999008178710938 0 0 0 2.0710000991821289062 2.3989999294281005859 0 0 0 0 0
-9 -9 -9 -9 -9 -9 -9 -9 -9 -9 -9 -9 -9 -9 -9 -9 -9 -9 -9 -9 -9 -9 -9 -9 -9 -9 -9 -9 -9 -9 -9 -9 -9 -9 -9 -9 -9 0.8379999995231628418 1.6139999628067016602 1.9989999532699584961 0.33899998664855957031 1.4390000104904174805 1.6840000152587890625 1.9190000295639038086 2.5109999179840087891 1.2649999856948852539 1.3040000200271606445 1.3380000591278076172 1.5110000371932983398 1.1740000247955322266 1.7130000591278076172 1.751999974250793457 1.2940000295639038086 1.7189999818801879883 1.9620000123977661133 1.1909999847412109375 1.2929999828338623047 1.0420000553131103516 0.94700002670288085938 0.99699997901916503906 0.83499997854232788086 0 0 0
-9 -9 -9 -9 -9 -9 -9 -9 -9 -9 -9 -9 -9 -9 -9 -9 -9 -9 -9 -9 -9 -9 -9 -9 -9 -9 -9 -9 -9 -9 -9 -9 -9 -9 -9 -9 0.99599999189376831055 1.1640000343322753906 1.5659999847412109375 1.0950000286102294922 1.5110000371932983398 1.5449999570846557617 1.0700000524520874023 2.243000030517578125 1.6089999675750732422 1.386999964714050293 1.4670000076293945312 1.6289999485015869141 1.4500000476837158203 0.85500001907348632812 0.7279999852180480957 0.34799998998641967773 0.47900000214576721191 0.85600000619888305664 0.83499997854232788086 1.1660000085830688477 1.9759999513626098633 1.7130000591278076172 2.0169999599456787109 0 0 0 0 0
-9 -9 -9 -9 -9 -9 -9 -9 -9 -9 -9 -9 -9 -9 -9 -9 -9 -9 -9 -9 -9 -9 -9 -9 -9 -9 -9 -9 -9 -9 -9 -9 -9 -9 -9 -9 -9 -9 1.491000056266784668 0.075999997556209564209 0.027000000700354576111 0.82099997997283935547 1.4220000505447387695 1.5590000152587890625 1.4989999532699584961 1.4279999732971191406 1.6629999876022338867 1.4680000543594360352 0.71200001239776611328 1.2710000276565551758 1.1629999876022338867 1.9509999752044677734 1.7280000448226928711 2.0659999847412109375 1.745000004768371582 2.0269999504089355469 1.5640000104904174805 1.6000000238418579102 0 0 0 0 0 0
-9 -9 -9 -9 -9 -9 -9 -9 -9 -9 -9 -9 -9 -9 -9 -9 -9 -9 -9 -9 -9 -9 -9 -9 -9 -9 -9 -9 -9 -9 -9 -9 -9 -9 -9 -9 -9 -9 2.4130001068115234375 2.2130000591278076172 1.7460000514984130859 1.998000025749206543 1.379999995231628418 0.99000000953674316406 0.63800001144409179688 1.1510000228881835938 1.0750000476837158203 1.5970000028610229492 1.7539999485015869141 2.2460000514984130859 2.1710000038146972656 1.2300000190734863281 1.1210000514984130859 1.6540000438690185547 1.7510000467300415039 0 0 1.1219999790191650391 1.1280000209808349609 1.0269999504089355469 0 0 0 0
-9 -9 -9 -9 -9 -9 -9 -9 -9 -9 -9 -9 -9 -9 -9 -9 -9 -9 -9 -9 -9 -9 -9 -9 -9 -9 -9 -9 -9 -9 -9 -9 -9 -9 -9 -9 -9 2.2139999866485595703 2.3629999160766601562 2.1849999427795410156 1.9069999456405639648 2.243000030517578125 2.0490000247955322266 2.2049999237060546875 1.9040000438690185547 1.5449999570846557617 1.1310000419616699219 1.5460000038146972656 1.7439999580383300781 1.7790000438690185547 1.493000030517578125 1.8250000476837158203 1.8129999637603759766 1.4620000123977661133 2.0569999217987060547 0 0 1.4099999666213989258 0 0 0 0 0 0
-9 -9 -9 -9 -9 -9 -9 -9 -9 -9 -9 -9 -9 -9 -9 -9 -9 -9 -9 -9 -9 -9 -9 -9 -9 -9 -9 -9 -9 -9 -9 -9 -9 -9 -9 -9 2.3139998912811279297 2.2780001163482666016 2.2609999179840087891 2.0750000476837158203 2.0369999408721923828 2.1500000953674316406 2.0179998874664306641 1.6330000162124633789 1.3329999446868896484 1.3949999809265136719 1.3890000581741333008 1.8109999895095825195 1.8899999856948852539 1.7699999809265136719 1.756999969482421875 1.886999964714050293 1.5349999666213989258 2.1860001087188720703 0 2.020999908447265625 2.0969998836517333984 0 0 0 0 0 0 0
-9 -9 -9 -9 -9 -9 -9 -9 -9 -9 -9 -9 -9 -9 -9 -9 -9 -9 -9 -9 -9 -9 -9 -9 -9 -9 -9 -9 -9 -9 -9 2.3289999961853027344 2.0250000953674316406 1.748000025749206543 1.9170000553131103516 1.3650000095367431641 1.631999969482421875 2.25 1.1280000209808349609 1.6940000057220458984 2.1989998817443847656 1.756999969482421875 1.5369999408721923828 1.1590000391006469727 1.4789999723434448242 1.9789999723434448242 2.0150001049041748047 1.9069999456405639648 1.8940000534057617188 1.6950000524520874023 1.6979999542236328125 1.9029999971389770508 1.8880000114440917969 2.3029999732971191406 1.8780000209808349609 1.8430000543594360352 0 0 0 2.3810000419616699219 0 1.7749999761581420898 1.7460000514984130859 0.71600002050399780273
-9 -9 -9 -9 -9 -9 -9 -9 -9 -9 -9 -9 -9 -9 -9 -9 -9 -9 -9 -9 -9 -9 -9 -9 -9 -9 -9 -9 2.2590000629425048828 1.9579999446868896484 2.1710000038146972656 2.2070000171661376953 1.9179999828338623047 1.761999964714050293 1.0249999761581420898 1.5870000123977661133 2.1909999847412109375 2.0850000381469726562 0.90700000524520874023 2.2630000114440917969 2.0039999485015869141 1.745000004768371582 1.238000035285949707 1.2829999923706054688 1.8400000333786010742 1.6840000152587890625 1.6660000085830688477 1.4069999456405639648 1.5340000391006469727 1.5950000286102294922 0.76399999856948852539 1.6080000400543212891 1.0260000228881835938 0.91500002145767211914 1.881999969482421875 1.6590000391006469727 0 0 0 0 1.4400000572204589844 1.0599999427795410156 1.1660000085830688477 0
-9 -9 -9 -9 -9 -9 0 0 -9 -9 -9 -9 -9 -9 -9 -9 -9 -9 -9 -9 -9 -9 -9 -9 -9 -9 2.0030000209808349609 2.1429998874664306641 2.1340000629425048828 1.9249999523162841797 2.2239999771118164062 2.1289999485015869141 1.8300000429153442383 1.4409999847412109375 1.8940000534057617188 1.9869999885559082031 2.1359999179840087891 1.620000004768371582 1.6380000114440917969 2.1359999179840087891 2.0039999485015869141 1.6089999675750732422 1.5690000057220458984 1.4720000028610229492 1.5219999551773071289 1.7280000448226928711 1.366000056266784668 1.3339999914169311523 1.118000030517578125 1.3339999914169311523 1.5629999637603759766 1.5820000171661376953 1.7189999818801879883 2.0869998931884765625 2.4800000190734863281 2.2909998893737792969 1.8589999675750732422 1.8930000066757202148 1.7419999837875366211 2.1640000343322753906 1.0420000553131103516 1.373000025749206543 0 0
-9 -9 -9 -9 -9 0 0 0 0 0 -9 -9 -9 -9 -9 -9 -9 -9 -9 -9 -9 -9 -9 -9 2.0859999656677246094 2.0380001068115234375 2.0439999103546142578 2.0109999179840087891 2.0490000247955322266 2.0650000572204589844 1.6579999923706054688 1.4550000429153442383 1.3600000143051147461 1.5779999494552612305 2.0739998817443847656 2.0250000953674316406 2.0350000858306884766 2.1429998874664306641 2.1429998874664306641 2.1140000820159912109 2.0439999103546142578 1.8350000381469726562 1.7979999780654907227 1.8259999752044677734 1.5800000429153442383 1.4720000028610229492 1.4229999780654907227 0.71200001239776611328 1.4780000448226928711 1.0789999961853027344 1.5 1.9229999780654907227 2.0420000553131103516 1.1859999895095825195 1.7230000495910644531 1.4759999513626098633 1.9249999523162841797 1.9060000181198120117 1.2220000028610229492 1.8639999628067016602 0.89499998092651367188 1.2799999713897705078 1.5290000438690185547 1.863000035285949707
-9 -9 -9 -9 -9 0 0 0 0 0 0 0 0 0 0 0 -9 -9 -9 -9 -9 -9 -9 0 0 1.8220000267028808594 1.9500000476837158203 2.0480000972747802734 2.0999999046325683594 2.1770000457763671875 1.876999974250793457 1.9069999456405639648 2.2000000476837158203 2.1600000858306884766 2.0750000476837158203 1.8439999818801879883 2.1400001049041748047 1.9550000429153442383 1.9659999608993530273 1.9170000553131103516 1.9730000495910644531 2.0060000419616699219 1.9600000381469726562 1.5 1.4069999456405639648 1.2630000114440917969 1.1640000343322753906 1.3470000028610229492 1.6289999485015869141 1.9759999513626098633 1.4129999876022338867 1.5930000543594360352 1.4630000591278076172 0.45399999618530273438 1.3409999608993530273 1.5789999961853027344 1.9099999666213989258 1.8400000333786010742 1.9160000085830688477 1.7170000076293945312 2.3039999008178710938 1.988000035285949707 0.72899997234344482422 1.7610000371932983398
-9 -9 -9 -9 0 0 0 0 0 0 0 0 0 0 0 0 0 0 0 -9 0 0 0 0 0 0 0 1.9670000076293945312 1.988000035285949707 2.0840001106262207031 2.1940000057220458984 2.1670000553131103516 1.868000030517578125 2.0009999275207519531 2.0940001010894775391 2.0720000267028808594 2.104000091552734375 1.8220000267028808594 1.7120000123977661133 2.0299999713897705078 2.1619999408721923828 1.9769999980926513672 1.4680000543594360352 1.4450000524520874023 1.8200000524520874023 1.6330000162124633789 1.3589999675750732422 1.3339999914169311523 1.8609999418258666992 1.5540000200271606445 1.5269999504089355469 1.4240000247955322266 0.8159999847412109375 1.8070000410079956055 2.1010000705718994141 1.9939999580383300781 1.5770000219345092773 1.4700000286102294922 1.8789999485015869141 1.6039999723434448242 1.3289999961853027344 1.1950000524520874023 0.92100000381469726562 1.3250000476837158203
-9 -9 -9 0 0 0 0 0 0 0 0 0 0 0 0 0 0 0 0 0 0 0 0 0 0 0 0 0.61400002241134643555 1.2039999961853027344 2.0920000076293945312 2.0999999046325683594 2.0810000896453857422 1.7899999618530273438 2.1600000858306884766 2.0490000247955322266 2.0859999656677246094 2.1259999275207519531 1.9939999580383300781 2.1050000190734863281 2.1870000362396240234 2.0729999542236328125 0.75 1.7710000276565551758 2.1589999198913574219 2.0650000572204589844 2.1670000553131103516 1.9259999990463256836 1.504999995231628418 1.7849999666213989258 1.8070000410079956055 0.80199998617172241211 1.4759999513626098633 1.9900000095367431641 1.7239999771118164062 1.9620000123977661133 1.1519999504089355469 2.1080000400543212891 1.363000035285949707 1.4259999990463256836 0.67699998617172241211 0.59100002050399780273 0.63800001144409179688 1.004999995231628418 1.2369999885559082031
-9 -9 -9 0 0 0 0 0 0 0 0 0 0 0 0 0 0 0 0 0 0 0 0 0 0 0 0 0 0.37299999594688415527 0.66600000858306884766 1.238000035285949707 1.2920000553131103516 1.5060000419616699219 2.0999999046325683594 2.0820000171661376953 2.2730000019073486328 1.8550000190734863281 2.0710000991821289062 1.7510000467300415039 1.7029999494552612305 1.4919999837875366211 1.6189999580383300781 1.8079999685287475586 2.1059999465942382812 2.2330000400543212891 2.2009999752044677734 2.2049999237060546875 2.2460000514984130859 2.2170000076293945312 2.1630001068115234375 1.1590000391006469727 2.1519999504089355469 1.5889999866485595703 0.84500002861022949219 0.66299998760223388672 0.47900000214576721191 0.47200000286102294922 0.79199999570846557617 1.3409999608993530273 1.6629999876022338867 1.9240000247955322266 2.2880001068115234375 1.5520000457763671875 1.6549999713897705078
-9 -9 0 0 0 0 0 0 0 0 0 0 0 0 0 0 0 0 0 0 0 0 0 0 0 0 0 0 0 0 1.0740000009536743164 1.1679999828338623047 1.1579999923706054688 1.2929999828338623047 1.5410000085830688477 1.4800000190734863281 0.92000001668930053711 1.1089999675750732422 1.0210000276565551758 0.68900001049041748047 0.81699997186660766602 0.63899999856948852539 0.80099999904632568359 1.1000000238418579102 1.2419999837875366211 1.363000035285949707 1.8020000457763671875 2.1970000267028808594 2.1500000953674316406 1.9850000143051147461 1.1440000534057617188 1.9279999732971191406 1.0190000534057617188 0.2169999927282333374 0.29600000381469726562 0 1.0060000419616699219 1.3899999856948852539 1.5299999713897705078 1.3279999494552612305 1.1720000505447387695 1.6019999980926513672 1.5340000391006469727 1.2740000486373901367
-9 0 0 0 0 0 0 0 0 0 0 0 0 0 0 0 0 0 0 0 0 0 0 0 0 0 0 0 0 0 0.64399999380111694336 0.68500000238418579102 0.74199998378753662109 0.69700002670288085938 0.84299999475479125977 0.87300002574920654297 0.81199997663497924805 0.63999998569488525391 1.3760000467300415039 2.0899999141693115234 2.2469999790191650391 1.493000030517578125 1.0700000524520874023 1.9199999570846557617 2.1989998817443847656 2.2369999885559082031 1.8200000524520874023 0.76099997758865356445 0.79199999570846557617 1.1959999799728393555 0.5220000147819519043 0.27000001072883605957 1.1710000038146972656 1.5750000476837158203 1.9529999494552612305 1.1710000038146972656 0.70399999618530273438 1.1289999485015869141 1.6109999418258666992 1.8289999961853027344 1.9819999933242797852 1.6749999523162841797 1.5529999732971191406 1.5629999637603759766
-9 0 0 0 0 0 0 0 0 0 0 0 0 0 0 0 0 0 0 0 0 0 0 0 0 0 0 0 0 0 0.95599997043609619141 1.1660000085830688477 1.0599999427795410156 1.1599999666213989258 1.123000025749206543 1.1499999761581420898 1.379999995231628418 1.7029999494552612305 1.9079999923706054688 2.0710000991821289062 2.2820000648498535156 1.8619999885559082031 1.2970000505447387695 1.3040000200271606445 2.2019999027252197266 2.2160000801086425781 1.7640000581741333008 0.97699999809265136719 1.6009999513626098633 1.7029999494552612305 0.82800000905990600586 1.1510000228881835938 1.4040000438690185547 1.5829999446868896484 1.6900000572204589844 1.6069999933242797852 1.1089999675750732422 1.4119999408721923828 1.5870000123977661133 1.2799999713897705078 1.3320000171661376953 1.3960000276565551758 1.4939999580383300781 1.2309999465942382812
0 0 0 0 0 0 0 0 0 0 0 0 0 0 0 0 0 0 0 0 0 0 0 0 0 0 0 0 0 0 0.65100002288818359375 0.58899998664855957031 1.5559999942779541016 1.5599999427795410156 1.3689999580383300781 1.6629999876022338867 1.7790000438690185547 1.8559999465942382812 2.0750000476837158203 2.2160000801086425781 2.0569999217987060547 1.8129999637603759766 1.3329999446868896484 1.5750000476837158203 2.1530001163482666016 1.5920000076293945312 1.2269999980926513672 1.2200000286102294922 2.0030000209808349609 2.0629999637603759766 1.0190000534057617188 1.4680000543594360352 1.0420000553131103516 1.3109999895095825195 1.8250000476837158203 1.8519999980926513672 1.2970000505447387695 1.7469999790191650391 1.2150000333786010742 0.14399999380111694336 0.86199998855590820312 1.0329999923706054688 1.2610000371932983398 0.75599998235702514648
0 0 0 0 0 0 0 0 0 0 0 0 0 0 0 0 0 0 0 0 0 0 0 0 0 0 0 0 0 0 1.7799999713897705078 2.0079998970031738281 2.0599999427795410156 2.0920000076293945312 2.1749999523162841797 2.1949999332427978516 2.256999969482421875 2.2269999980926513672 2.1530001163482666016 2.2030000686645507812 1.8339999914169311523 1.5110000371932983398 1.6089999675750732422 0.99500000476837158203 1.5989999771118164062 1.0299999713897705078 1.3059999942779541016 1.3190000057220458984 1.6419999599456787109 1.2779999971389770508 0.99699997901916503906 1.6720000505447387695 1.8639999628067016602 1.3830000162124633789 1.261999964714050293 1.5099999904632568359 1.133999943733215332 0.88200002908706665039 1.5740000009536743164 1.3170000314712524414 0.62199997901916503906 1.4329999685287475586 1.7899999618530273438 1.2649999856948852539
0 0 0 0 0 0 0 0 0 0 0 0 0 0 0 0 0 0 0 0 0 0 0 0 0 0 0 0 0 0 2.0940001010894775391 2.0480000972747802734 2.0810000896453857422 2.0109999179840087891 1.743000030517578125 1.5529999732971191406 1.5030000209808349609 0.68699997663497924805 0.74299997091293334961 1.1289999485015869141 0.84500002861022949219 1.4349999427795410156 2.1719999313354492188 1.8969999551773071289 1.5290000438690185547 1.5390000343322753906 0.85100001096725463867 0.94499999284744262695 0.95899999141693115234 1.011999964714050293 0.85600000619888305664 1.0709999799728393555 1.4900000095367431641 1.4559999704360961914 1.3789999485015869141 1.4839999675750732422 1.0870000123977661133 1.1360000371932983398 1.6759999990463256836 1.866000056266784668 0.64899998903274536133 1.1030000448226928711 1.6390000581741333008 1.5829999446868896484
