agricultural_afforestation/data/CP_1km.txt
nrows     203.0
ncols     198.0
xllcorner     857533.25
yllcorner     4281682.625
cellsize     1000.0
NODATA_value     -9999.0
[rows 100 to 124 of 203, columns 58 to 115 of 198]
0.0 0.0 0.0 3.1647845591756845 0.0 0.0 0.0 0.0 0.0 0.0 0.0 0.0 0.0 0.0 0.0 0.0 0.0 0.0 0.9943273027971062 9.668577870623903 14.103684034244443 8.850519195092769 11.149557633647975 6.0129842277229 5.7378016402110665 1.004813927667208 0.0 0.0 0.0 0.0 0.0 0.0 0.0 0.0 0.0 0.0 0.0 0.0 0.0 0.0 0.0 0.0 0.0 2.5052286506847765 3.6856213992490074 12.69558974667565 6.64633840427068 3.9920499072790854 14.793852531065344 13.028311066041823 13.780049478084457 14.531534028079367 7.715253362792204 12.177646602808975 14.860354372834774 10.408616426679762 11.756570182827726 13.84830073394088
0.0 0.6840938603554898 1.6442927620410455 1.2373933631271166 1.5186637320221499 0.0 0.27734606141495477 0.0 0.0 0.0 0.0 0.0 0.0 0.0 0.0 0.0 0.0 0.1420573448688966 7.818611644026065 9.254655135416431 8.557398174214736 7.289083768596467 13.306536590297867 10.173908463503137 5.598046682547052 0.14363146300173943 0.0 0.0 0.0 0.0 0.0 0.0 0.0 1.0196089961672117 0.14569414178028073 0.0 0.0 0.0 0.0 0.0 0.14686380110971356 0.0 0.0 0.7369723316801036 7.96424573673313 12.401957844420695 6.3503479958287965 9.6075548763717 9.615648618407565 14.804190621350868 14.815422843231831 14.826409646597996 12.165951384256296 13.363290033444663 14.857981905711847 12.340274772063038 6.546422049170582 11.016950583491315
0.0 0.0 0.0 0.0 0.0 0.0 0.2773852296348008 0.0 1.255647578016541 0.0 0.0 0.0 0.0 0.0 0.0 0.0 0.0 6.108922783728748 11.099955945831388 9.69514449673358 9.572502651259523 12.44937244083546 3.8665358304509034 2.724905416122607 0.2875264401704125 0.575409612915337 0.0 0.0 0.0 0.0 0.0 0.0 5.09093417854802 4.662887862541814 7.876418237740287 0.0 0.0 2.4890847221294776 4.984856902082183 8.512892613202757 11.9008580194332 6.91271417166046 5.889758477644403 8.697088548456684 12.391818557821308 13.14073558288528 13.439484392696004 14.336587643114953 12.573278420786405 8.436947175932207 14.517780789161034 6.819497658523646 10.384027805430044 14.400279758518606 10.546641407967524 0.7430802763925854 9.372366196015864 2.0832788122822468
0.0 0.0 0.6876392189524615 2.339332587859201 0.41341771857372756 0.0 0.0 2.5084045515127897 0.6979805342586881 0.0 0.0 0.0 0.0 0.0 0.0 0.0 0.0 7.821455066533962 9.827574245249053 8.417932075115843 8.437116012252245 9.024801269953123 8.176652074450836 3.15910861236042 0.0 0.5768929737191367 0.0 0.0 0.0 0.0 0.0 0.0 9.170162273131 8.31016719453764 11.23824986085025 2.9219787393075247 4.828809918034895 2.050998338208786 5.866762085553673 12.039913138963037 12.639288384877187 7.651499589358089 14.728339174868509 14.742734092930494 14.756603417615047 14.76402052546405 14.177046340622422 14.040245329513402 9.466368613027065 5.919823584710567 10.962322651010444 14.378250488702705 5.19188826026807 13.210792737326614 12.328197205111046 6.538702743121249 11.898209416705685 1.487720136445392
0.0 0.0 0.0 0.0 0.0 0.0 0.0 0.27866047248927994 0.0 0.0 0.0 0.0 0.0 0.0 0.0 0.0 5.827224741700567 12.525573801176773 11.551763658842066 7.9992748507345155 11.16572763309279 3.7277309563436627 0.28712614316720464 0.14361983466233869 1.873216939889093 9.666088289971112 0.7219834326122723 0.0 0.0 0.0 0.0 0.0 7.576891244764093 9.77248999114587 10.952848564628221 13.306846574512148 11.124401445732556 1.025634594207041 12.03269406008521 11.163975534935167 11.02775664208539 8.831307237944925 14.732965652210801 10.469186541240433 11.661028698737661 11.367435311558932 0.8859772306624516 8.422857474210383 0.0 2.664299193719587 6.962598836368215 14.821526582938652 2.669691909960056 3.265456014109925 9.504577998294677 12.333268391049682 7.286419286015495 9.670040565376924
0.0 0.0 0.0 0.0 0.0 0.0 0.0 0.0 0.0 0.0 0.7032508388928993 0.0 0.0 0.0 0.0 0.0 5.2630075121257285 12.966153910681749 9.278977140493136 8.437636463867971 1.1455397652269474 0.0 0.0 0.0 2.3069972489940813 8.37326128410698 10.84444501297331 5.0673671993940514 7.687181514522849 3.4846496083514484 0.0 0.0 3.060724771242152 2.628261221679394 4.6771705957043475 5.850834552613371 13.183101740064348 3.3734648676503634 14.239615114222334 14.400877040708876 4.118190913659723 10.89541803797277 12.82194514942604 2.211848914150487 11.663324039196466 9.003969716817343 6.497617938012307 11.084095027655625 10.94381490663206 8.28887420203745 4.887538786006915 8.596540271188578 11.715050401091355 1.3356282030260473 5.940120585101926 13.074105639546655 5.501030718911586 11.304507029446093
0.0 0.0 0.0 0.0 0.0 0.0 0.0 0.0 0.0 0.0 3.520014395469445 4.089391331179308 0.0 0.0 0.0 0.0 0.0 5.990860302915378 1.5714498695501051 0.8583913581067882 0.0 0.0 0.0 0.0 0.0 0.0 10.277351937728733 7.8272504855248535 13.787729807816383 12.49697992745531 10.332723280026391 2.913149766514137 3.2112034103516796 13.583421844136101 4.679790650665528 5.857359511161604 14.65597406085843 13.790955353883804 10.135026787875642 9.260563502970099 0.2944006837188782 5.30295746286877 12.236800604309098 7.524804185484039 12.698952576658334 11.510980817852179 10.632738564532154 14.778437759863925 12.570020140529358 10.211766554504013 13.18034536936003 13.781388906046276 8.154702043985848 12.610977637937772 1.0394982018987045 12.329140177891432 3.2698866451165336 10.85613387708301
0.0 0.0 0.0 0.0 0.0 0.0 0.0 0.0 0.1404770765814363 6.471952308040893 10.14536676202834 2.398590542201979 0.0 0.0 0.0 0.0 0.2854633886545503 5.144451663441112 3.862621223339216 8.456880878579176 0.8613446748294376 0.0 0.0 0.0 0.4343347555136208 5.933619951188476 0.2897882824306905 3.192655142917864 3.1972058845474907 4.362370668671092 0.5829061401179507 0.5837026298067104 2.0444525920055465 10.086760274025258 13.022640476556056 7.617919939572738 9.531908059898434 13.504703063351068 14.693776857635289 9.707363799498467 5.5945407445322175 10.609157632899752 10.912386160162637 6.935692594330474 13.14021081684284 11.657884450430881 8.417416775704996 14.778434495192686 11.238585102291811 4.29108093027187 10.810543950754273 14.817125031027766 13.492047394138575 10.383562922380873 1.1877172270363754 14.851597193279101 8.320612493861379 1.7839932642436391
0.0 0.0 0.0 0.0 0.0 0.0 0.0 0.0 6.466973826472342 10.844093212604102 7.47671829210814 1.2725260554950188 6.093506345617479 8.653785208621018 0.0 0.0 0.8566349691402413 10.437129901208785 10.311394428764892 7.028403220937682 1.149037857847535 0.0 0.0 0.0 2.462592769709554 6.374670858613074 6.963492755901083 7.989122661542537 13.084640388632689 11.64597421785848 10.787647708044686 4.523148624903684 12.419016034507033 12.723996196081776 8.052931109485856 7.915016132994123 9.829681385289131 7.4910450095338 9.26113909669555 13.978649279437562 14.727003319179 11.3487944533667 6.490100243439885 5.608479921799407 13.87698801494826 7.969233972502916 7.089225105853743 14.778593276697869 14.78834387795999 12.133975773622353 13.62264305190237 12.889513882665128 14.3797012692237 11.865899060927148 5.49079654176668 10.691589806315983 6.238823930757312 5.499258335798772
0.0 0.0 0.0 0.0 0.0 0.0 0.0 0.0 3.3763931926685853 4.0868429272998785 1.1311140075141042 5.237995942398893 8.08443078485554 1.2773945587569888 0.0 0.0 3.574853653033365 10.594193376914477 4.014730200281742 3.736008402983488 3.167484568914003 6.200581054357159 0.0 5.065829844037768 13.475596997307454 13.059906807883776 9.00311598400596 11.192546003976053 10.476868999917961 4.226482590737584 6.565235036615387 11.97582716708523 14.182006378098622 7.462558658090867 5.273307791246178 1.759529955938639 1.4674789672507358 4.554924392589037 1.7642123985773428 12.659857749231294 12.965060653977444 8.550396806970621 0.0 2.9491943724060983 8.557288847699033 0.5902170168426275 5.908162789290093 12.119259541391488 11.978272268282819 7.546176340875465 12.733320548383722 9.18460503129261 13.340640333638254 12.012208919530956 1.0384017612697274 12.767633613838536 10.693792285825856 14.562956062976735
0.0 0.0 0.0 0.0 0.0 0.0 0.0 0.0 0.0 0.0 2.546774104354954 5.950315231273869 8.234202274217463 1.2793146931628612 0.9988193978236393 5.714841646896571 13.162526860667892 8.742304362400885 11.914615156534028 3.3081788238735426 9.220642671166537 10.244725094924883 5.494457588705872 8.975139671173915 4.930918594569364 10.018845052391379 14.244296230919586 13.09885708778076 8.593859768248809 2.9165997939298194 10.074125053455411 11.25431854221879 11.849605887495454 8.934692195748374 10.556495707503517 0.1466910062021415 0.0 0.0 3.089570251822729 5.3013619265101495 6.337368082831462 8.40274306954264 5.452086106056197 9.731358768664926 12.688782614582196 1.9195492340107059 11.226306721915275 13.005528470533541 3.25313291266852 4.735158846770341 11.547560405776776 12.739259714277527 14.820831424777039 11.269710835550843 2.966763120269173 5.789093324457295 10.692035628695088 11.290581806952133
0.0 0.0 0.0 0.0 0.0 0.0 0.0 0.0 0.0 0.7074909841227588 5.525373442171376 4.543698648053739 11.801953962935471 8.971716006882335 11.988131389790091 7.147276698387253 10.740148056317445 1.721012420853969 7.040708947605815 7.6338551046334615 10.096147006707776 2.8904828720530866 10.564934254943594 14.203745950414168 13.79122449483474 12.933564642288687 14.54879237323418 14.566678276986021 9.623893100720933 7.883228430274612 9.645486438620363 11.70134388924255 10.980725665557449 10.991775262259596 12.030300488120345 10.571529639196173 0.2940485264147737 9.561833866706923 11.77620554878213 3.5331334543655584 11.33471072323451 11.191892554560894 11.49439819392704 4.866612086994016 14.166696629694007 7.382333275214892 14.774323591178254 8.12834633440565 4.289285410391042 3.402660611779536 4.145588734578173 5.9242626138547365 12.59665643062477 4.00253379987141 1.92827345267913 1.3358314182738498 8.462350262900326 0.7427567329174264
0.0 0.0 0.0 0.0 0.0 6.439491599576301 6.589962265015132 9.837168533387503 4.370628353014935 7.080282907004956 10.067978270535797 12.64608328154272 12.098108992926342 5.559691279210168 10.00229412740423 9.588298063772676 12.905338684138375 7.759210858013454 14.389472883487377 14.41396199735169 14.43805469209189 14.317136919700413 14.484928288967751 12.911234189733168 6.53709724336184 3.9255843948024545 12.960823031657382 14.579657645268114 9.340563745374922 10.083971077879157 6.583829546093056 7.909290742769093 5.570264849020045 3.8156817487468606 9.981583630241852 6.169525334165757 6.029639339753491 5.44485981636548 6.031038465602212 5.5882846789931175 8.536744862039475 6.775671609998312 13.855621866879318 10.47191179930322 11.954167258100666 8.270392338002845 13.88953942852762 5.9136738195920175 7.394599725138012 13.31639115992373 9.473891935047881 7.997632952509833 10.816842661926042 12.600014574607748 5.635419142533871 0.14834510641511178 0.0 0.0
0.0 0.0 0.0 0.0 0.8398652326771237 5.603950381409947 12.916671251866376 14.069252437195601 11.578972363270845 5.100677022695594 7.810364428276244 8.537320905100241 3.278350601147925 0.0 4.435327047889133 7.451990971191499 8.610743516543089 13.374874312201698 14.405459781714333 14.429573904899577 14.45325153590379 14.47646490996903 13.91875436407312 2.031933571922334 7.272053456106346 1.6007091974077512 6.41448482567339 5.1055106147234435 2.044134507023946 4.387349150998534 2.0494780866478886 6.300162488778894 10.855981653237176 13.802668269609978 12.638743439333663 1.3235858990964464 4.699495390037691 5.874818214358809 0.14706089749524912 7.503820850498327 13.103396366567278 8.397235928696922 13.121025501943418 9.735994865838489 9.299218352432677 8.714334238833118 14.62977983474808 12.419899327316935 7.099741547158242 10.505008378531357 1.3322087525532493 5.627459119433451 2.6670456744250086 5.187004424769443 0.0 0.0 0.0 0.0
0.0 0.0 0.0 0.0 2.2401458742637232 3.3655928045566617 6.74903083264542 13.100997814015743 11.878407915354396 9.218242283203214 12.226354750433526 5.409473271299838 0.5701050862057471 0.0 0.0 1.579191066890306 13.079218558515834 13.965637565064105 14.421260086695366 14.444987656120329 14.468243156934461 14.491000818065405 13.932143301291449 2.1786321219836053 2.183672515803317 3.058759393722644 0.0 0.0 0.0 10.977759193799074 4.833734478181178 3.0797262248787245 6.018998507709555 8.669346641313114 12.939794906087288 6.473321571343755 6.902915449142673 8.229204144371394 3.8243728564929977 8.24118709459278 3.387104283880727 0.2946266666632389 0.0 0.0 5.167140291863104 4.136635915402278 14.63109441650258 11.089210096388777 6.360305794342595 9.17544248514686 10.509424174579241 7.551959704048193 3.407167919993384 0.4445298578380721 0.0 0.0 6.082204948765125 1.1869223229153634
0.0 0.0 0.0 0.9809563653271052 3.0867205604863366 3.0927180668271466 5.349818744912588 5.498613264591825 5.381349656001817 0.5673249198281012 2.2766675770205955 0.0 0.0 0.0 0.0 0.0 12.087986630241698 14.413044854743493 14.436860207979503 14.460191497507727 14.483018359974883 14.505317682365474 8.714388873674434 1.1647781956380463 1.1656778877627127 0.0 0.0 0.0 7.171144639691875 7.90799860474065 6.450593191892865 5.57557780374643 3.5253227415509696 11.906883027936818 4.267580236953431 9.274498364052276 6.905378822121511 9.996916766607487 3.089249053153893 1.471984062977938 12.227733293554106 4.717174863888812 11.20956041559663 4.575054645719561 6.054166729773933 11.227201493385431 13.302327847288035 7.984602135571671 8.579995316021291 3.8478044807541676 7.697536433541072 9.180411546890264 6.516681538326763 4.889078448180829 0.0 0.0 7.41508302477678 0.0
0.0 0.0 0.840568766427678 2.102875262147712 1.9682577015986447 6.336371880034708 7.481307592425936 0.5649559567076207 0.0 0.0 0.0 0.0 0.0 0.0 0.0 0.0 9.50923985719074 12.985519852755887 8.95932227718672 13.027624800731315 14.497564485701716 14.519401742508078 10.467458504275019 9.906579379635238 8.019411601603345 0.0 0.0 3.8048363750081218 14.350834596249838 6.448291197950542 1.0274686141405436 5.874737301752075 8.817260934185118 8.973345335818605 14.279297497594282 11.04613537173057 3.5267850350485404 5.4421995979491555 3.9731151646024703 0.7365656949565725 7.5155144471896635 1.7694462788217127 3.5410529001564117 8.708338988561929 6.793928282802279 9.603535941146411 8.72119268511337 8.872258255052587 1.7753353168248855 1.4796856110741712 1.036308201733305 1.9248606420775916 8.737717984981401 4.592155495570543 0.0 0.0 8.89532217979645 0.0
5.579213225284535 1.8191499733203522 1.4008928231198472 2.6676242910877375 0.0 0.8464095335056426 1.2704638535368364 0.0 0.0 0.0 0.0 0.0 0.0 0.0 0.0 0.0 1.8749263166858787 3.3233226940315364 9.25714112278531 6.809975678698338 12.188613661913429 6.9742022266040085 10.627751191725716 13.707949997008823 5.982799992659981 0.0 0.0 0.2928599859374472 0.7324163469187628 0.0 0.29382278558620356 7.9346149237074695 3.97023779934966 1.7661841865253023 4.712725794088511 5.452497991989651 0.0 0.0 0.0 6.188143555677908 13.709486327771547 6.636193675553617 0.0 0.1476210864013264 4.874985779377933 7.092105862340233 0.0 7.689918812280515 4.141696326764277 0.0 0.0 0.0 0.0 0.0 0.0 0.0 8.596202503259413 3.557597581751736
13.970676843981131 13.860939955605502 12.206487510730971 4.780703993844355 0.5630814735252484 0.0 0.0 0.0 0.0 0.0 0.0 0.0 0.0 0.0 0.0 1.876263025983305 7.220787909611072 10.124412147475804 9.267215393598784 3.6282497844824553 8.717194579501413 1.7455449854607745 2.916686259477868 8.465480893140807 4.9664252536576825 0.1463666052789056 2.195917871593669 0.0 0.0 0.0 2.791106242147645 0.7347562985085527 7.799243341691633 12.222630863965792 11.935362584125476 0.0 0.2943897678349301 4.564272953531684 2.2101389907597233 8.254032113843863 7.373213707591362 3.98352299162466 1.1809457417532714 9.303564805996663 5.613435964180112 3.842496629202558 10.644600544194127 10.64733611445201 13.461262513421007 9.321424817812623 0.0 0.0 0.0 0.0 0.0 0.0 5.482004088947605 6.667180593359055
13.9878581751028 12.19623058058345 12.501531808728641 2.6724973408898154 0.0 0.0 0.0 0.0 0.0 0.0 0.0 0.0 0.0 0.0 2.5959833211663845 9.673465441045611 4.192010666887703 14.481177405604104 14.501543246930112 11.035376781167718 11.9249999574291 7.423174339532073 2.9204479986628287 9.496262458873924 5.995769154819167 2.634980163132243 7.763312201361893 0.0 0.0 2.791354077068971 4.114821366984197 0.0 10.741888173941787 3.2402664949991893 11.921777164509736 1.6193439585401674 4.418956612009872 14.436347278744938 11.052180271970895 2.80126201084332 13.422854031472571 12.543272794846116 3.5426377577089023 8.713366225813473 4.580784532016773 11.971722055093773 11.236020354196205 6.506921269292714 6.508848244627511 12.280161367411392 6.954799029579988 0.0 0.0 0.0 0.0 0.0 2.0734460955800205 5.628192511264109
14.005059623372704 14.035713766680832 12.517857981290174 0.0 0.0 0.0 0.0 0.0 0.0 0.0 0.0 0.0 3.596617380787459 2.8798023337332976 8.081606919382883 4.477839430740966 0.2895954876152653 8.842279888817334 14.51674627379713 14.53688056187603 12.08138475989304 10.056911065152358 0.43820880255012395 3.5086658413144534 2.9269268434614233 8.203162360285821 2.346017214843232 0.44020723163629016 0.0 0.0 0.0 0.0 2.793495100803799 0.147049529506932 0.883236621826908 0.14722485753439457 1.3264595034371482 5.8971049976314545 2.80080470078268 1.3276759165894485 9.147680420377775 0.29529389247229576 4.725754994088377 7.385472447358548 8.127597696562848 5.912340401241675 10.497805195095102 10.94372804612356 2.958345434700068 0.8875871411814232 0.4439031733479837 0.0 0.0 0.0 0.0 0.0 0.0 7.25366915798061
14.027159303795846 14.054486547564203 6.333758376109787 0.0 0.0 0.0 0.0 0.0 0.0 0.0 0.0 1.0067299202308444 11.658783176202206 11.678175767169227 7.366012941655162 9.400391539849883 6.9566042196634665 4.353430189965909 12.062026570297967 12.076006465143166 10.052998661679778 7.2935526749755795 7.741799286892439 9.362862072495744 8.640932704168275 7.036266812037746 4.399133148394519 8.363139609378518 5.431006993035388 0.0 0.0 0.0 0.0 0.0 0.0 0.0 0.0 0.0 0.0 0.0 0.0 3.543850361680964 14.769383834221825 4.1363284561631755 0.8867750958138296 6.8002640142668715 11.828897724551231 10.056487433294013 7.839184349015531 4.881609562595058 0.14792786960421386 0.0 0.0 0.0 0.0 0.887272237371234 0.0 4.439557509009548
7.4468607545406 9.994098437576536 0.0 0.0 0.0 0.0 0.0 0.0 0.0 0.0 0.0 1.0069927041449427 4.8980759508881855 10.53544670671071 4.045260008660347 5.2133408457045185 12.761631128152938 14.524125849236611 11.779325975249439 9.026994353647819 0.8742301642471368 9.783169187519642 13.444547741879957 1.9008425400546738 0.29329507629018825 13.49176495869181 11.444842526760965 5.431825218054147 10.576430439210771 1.7638420762770095 0.0 0.0 0.0 0.0 0.0 0.0 0.0 0.0 0.0 0.0 0.0 2.9550542315283517 14.77442040053209 9.456329071929169 2.6604297417125817 5.6176285794861345 3.2530417810509493 8.429663225302479 7.395292825867813 5.1772037542473 3.9938313478988365 0.0 0.0 2.9575037897776544 0.0 7.68757180762352 10.791447580404949 5.471720491158894
1.968086184548548 3.098726632704398 0.0 0.0 0.0 0.0 0.0 0.0 0.0 0.0 0.0 1.0088252038315777 7.934401138321731 11.990384537156533 4.341031742899388 11.30519071054566 5.659849270074591 9.301083563610256 4.657940910816163 0.14567625458027972 5.108254100211307 2.920764147761075 10.67500835251975 0.146349337058067 0.0 4.548453776567001 10.572753749609019 9.990420614185592 4.998137258819019 12.060553285585376 5.8860687311722355 0.0 0.0 0.0 0.0 0.0 0.0 0.0 0.0 0.0 0.0 6.207581571402016 5.173556360565503 0.1477584742700744 0.0 11.532090337589096 12.420894358444203 13.90124295703987 3.6972959695574015 0.0 0.0 0.7393187642242703 0.0 13.748668290592704 5.764051057859803 9.90032056910466 12.262464409190489 3.251502204231411
0.0 0.0 0.0 0.0 0.0 0.0 0.0 0.0 0.0 0.0 0.0 0.0 6.06592817921375 13.161253315297511 8.400954820917418 8.70370418243303 11.622965995274443 11.064540959364923 9.910475606222622 6.71071962422301 9.200841558103086 9.503630192624664 5.1199643001251305 9.520852637606826 8.502702296331988 0.44065481784420735 13.666131986053774 10.438512528615284 12.651072447238096 10.15629531921243 8.392114616811632 0.0 0.0 0.0 0.0 0.0 0.0 0.0 0.0 0.0 0.0 11.2331366768179 12.270266328087498 1.3307498260883175 0.14790991550265742 10.943232890812563 7.393482588142861 7.541935553613799 7.837983370527631 0.14786979745039439 0.0 4.878936640439464 10.34684620055454 14.778157229604885 14.774292616318291 14.770130418779427 14.618122748739736 4.428311908155571
