agricultural_afforestation/data/CP_1km.txt
nrows     203.0
ncols     198.0
xllcorner     857533.25
yllcorner     4281682.625
cellsize     1000.0
NODATA_value     -9999.0
[rows 75 to 99 of 203, columns 116 to 173 of 198]
0.0 0.0 1.4886212785136705 13.10719595905899 11.77776977239501 12.831807899814544 7.765765551751265 7.174327257539954 6.880959255112682 4.790383887377854 5.990165029070736 4.794601615997644 7.347418096912827 8.5511369596698 6.304503768122362 0.0 4.207161088058443 11.420588059804553 9.619607238020404 3.3076836072291256 3.158401651223927 6.016622192931136 0.15044845209191818 0.0 0.0 7.671891131253762 0.9024867336973443 0.0 0.0 0.0 0.0 0.0 0.0 0.0 0.0 0.0 1.3524149885654426 1.5024829860018367 0.0 0.0 0.0 0.0 0.7503562112801929 7.652320883050278 0.7501383907061175 0.5999984023468199 0.0 0.0 0.0 0.0 0.0 0.0 0.0 0.0 0.0 0.0 0.0 0.0
3.716663620784147 5.949475126336681 6.552025051083127 13.115840144213127 7.755882192702884 13.884933803822074 9.7131615193571 8.07506921004754 9.57736694551673 11.083597159230308 4.345926286006277 8.848337305637731 1.3504885187620617 3.7535492447754804 3.3040054947421407 0.0 2.706467803790001 0.7517331791726343 0.7523813336012981 10.231049429853643 12.791073623718932 3.160202569585263 0.0 0.0 0.0 1.2040145641549862 2.1072413465994035 0.0 0.0 0.0 0.0 0.0 0.0 1.0527254107639252 4.0602343791402635 8.569327445232874 10.67246476360192 0.9016317530307416 1.5025892608335076 0.0 0.0 0.0 0.0 0.0 0.0 0.45007826199836953 0.0 0.0 0.0 0.0 0.0 0.0 0.0 0.0 0.0 0.0 0.0 0.0
10.559158138829012 2.976701405275286 8.642976010885835 12.078497834996881 11.344749312508961 7.468196141169557 12.260502884083916 8.977154090101036 5.092858607014865 14.836489401578303 2.9990216469940028 4.802531223687574 10.060981468631194 1.5024342092802008 3.006964691605012 0.1504057831651911 3.309833254143769 2.1066742896321964 1.3545031518447135 3.613604304274763 6.022894182496741 0.15054385771592896 0.0 0.0 0.0 0.45192731597827385 1.0544896819911274 0.0 1.505853120449856 5.119406520326527 0.0 0.0 0.0 0.0 3.9112018588419524 4.662622389607176 1.3533645029653179 0.0 0.0 0.0 0.0 1.6524619125098168 6.309480646303402 1.652445346155976 0.0 0.0 0.0 0.0 0.0 0.0 0.0 0.0 0.0 0.0 0.0 0.0 0.0 0.0
10.118942091434738 13.850780532940894 13.715151127555895 7.4617893635932555 13.740808515170972 8.968513874995903 7.7804795097762 9.732622262520596 13.03537692339751 8.84611352092264 4.651674031296512 8.109323654729103 12.019979833335373 3.9096665559913024 6.467194011733355 4.213384758030109 7.828670291337891 3.011401215320344 0.0 4.66938946016837 5.423433803224031 0.0 0.0 1.3563754466511702 0.0 7.535413823902481 5.1234028492025505 0.0 0.30127688793914076 3.765745698136063 0.0 0.0 0.0 1.5053245941189513 1.3544226805874953 0.15046491081574018 0.0 0.0 0.0 0.0 0.0 1.3529024106812124 4.3587285106236315 3.005201540984711 1.3521131213931699 0.0 0.0 0.0 0.0 0.0 0.0 0.0 0.0 0.0 0.0 0.0 0.0 0.0
2.084978263732852 10.133357303701501 6.413177566957775 13.735934882551568 14.943210006727787 14.507582847499773 14.968647197910238 14.830897471296034 1.4986011339146976 0.7502932356919805 0.30032502916921755 7.061619112779853 5.562286472486484 4.362218512395233 1.3542768781290015 0.0 9.94185520867465 7.081993090980713 4.220087196503278 0.0 0.0 0.0 0.0 0.30162419362765674 4.674290022848252 9.197246779650968 6.332586524765784 0.15070690156705732 0.0 0.0 0.0 0.0 0.0 0.0 0.0 0.0 0.0 0.0 0.0 0.0 2.707950588622384 0.0 0.6013795693212045 2.405048206235058 0.0 0.0 0.0 0.0 0.0 0.0 0.0 0.0 0.0 0.0 0.0 0.0 0.0 0.0
11.023241323204164 14.462521884332833 11.939685141898048 11.94906418358922 4.18520194889124 13.168655193832667 10.182740364072494 12.590562672055148 11.101067506480007 12.610085188447364 10.365444894809784 1.9538927164017148 6.167647098356108 0.0 2.8623496808124864 3.4663521315914636 0.4520490272630908 10.854941387094454 4.52352669223831 0.9050714505460212 4.978080744771738 0.9052071315536412 0.0 1.3574489618886567 6.637424535274212 1.5082665152905226 1.0551109212842484 4.220611276321038 3.6172912420663366 0.7535783694931516 0.0 0.0 0.0 0.0 0.0 0.0 0.0 0.0 0.0 0.0 0.0 0.0 0.0 0.0 0.0 0.0 0.0 0.0 0.0 0.0 0.0 0.0 0.0 0.0 0.0 0.0 0.0 0.0
13.41368466239126 8.202984855147625 5.974311286813821 11.209022857760129 12.41598396903381 14.970956355436902 5.543871018330966 8.69772375408131 15.007405387683004 15.01894276155691 6.010998428189707 3.759320214099205 0.0 0.0 1.3561615126407411 2.4119198017473638 0.0 0.0 0.7541460770425908 0.9052027125760478 4.375459456431511 1.3579760972900423 0.0 0.0 0.0 0.0 0.0 1.3570438447384658 2.8651890850108983 0.0 0.0 0.0 0.0 0.0 0.0 0.0 0.0 0.0 3.31364215202626 0.4517487113886499 0.0 0.0 0.1505077985806539 2.708605243769216 0.0 1.353435906706521 0.6015319952147258 0.0 0.0 0.0 0.0 0.0 0.0 0.0 0.0 0.0 0.0 0.0
13.867209168110683 9.253388441539178 10.456166033004662 11.81089762440308 10.923662734071796 7.93822585690859 14.989816183954002 14.701732844925548 12.761875258618094 7.663205039090969 6.76514418010551 0.0 0.0 0.0 0.0 0.0 0.0 0.0 0.0 0.0 0.0 0.0 0.0 2.86676074564765 3.922887008728479 5.884235304356844 1.659631431427648 0.0 0.0 0.0 0.0 0.0 0.0 0.0 0.0 0.0 0.0 0.0 5.273543379328995 0.15066536194337574 3.916724341838197 4.3671710666708226 4.666873185023356 3.0108594583138815 0.0 0.0 1.353502707127428 0.0 0.0 0.0 0.0 0.0 0.0 0.0 0.0 0.0 0.0 0.0
4.475589813722189 11.04998033547558 12.105041050684862 9.274788170147456 6.887007109812195 13.035036902768553 9.296585743730661 7.803290570549743 13.818063245174152 15.030665754825252 6.316503260163893 0.0 0.0 0.0 0.0 0.0 0.0 0.0 0.0 0.0 0.0 0.0 0.0 4.829142691494936 13.129267054030334 6.790699676137798 0.45266103079491105 0.0 0.0 0.0 0.9052106392604464 2.7157306897173488 0.0 0.0 0.0 0.0 0.0 3.6184183366721205 9.19539096922497 10.248365727409098 2.4106907447422783 0.0 0.0 3.1616417909996217 3.3123892375902844 0.45161276799046257 0.0 0.0 0.0 0.0 0.0 0.0 0.0 0.0 0.0 0.0 0.0 0.0
13.432301060069777 11.352661513082857 8.371417966339838 13.318215532431386 14.077670637175128 10.490582401393631 5.401461515238089 15.012248432457065 14.572916372948942 11.276878533787867 1.5041774181970624 0.0 0.0 0.0 0.0 3.1698533962770647 8.151847494462281 1.6602326375174223 2.7169569916498304 1.05663442855671 0.0 0.0 0.0 0.15096736759411794 2.7169939974302855 1.9625277146510403 0.0 0.0 0.0 0.0 0.0 0.4526974332979052 0.0 0.754565303007283 0.0 0.0 0.7542681301911339 7.088566421717935 0.7538898273163257 4.371727419207657 0.9045319533217895 0.0 0.0 0.0 1.8069612893248796 0.0 0.0 0.0 0.0 0.0 0.0 0.0 0.0 0.0 0.0 0.0 0.0 0.0
3.1354802506327273 7.023341917669117 12.712400890026123 14.968287708977028 8.237868604269096 5.997062651933546 0.6002718343707716 6.457381601785997 10.368707784855905 5.41307392037254 0.0 0.0 0.0 0.0 2.1118509843183277 10.10982278248274 8.903370699423938 11.168619931613682 8.452847282698176 4.528600608380807 0.0 0.0 0.0 0.15099538565644874 8.30427555052055 6.341465133525125 0.0 0.0 0.0 0.0 0.0 0.0 1.3586285022257336 2.1131707357133003 0.0 0.0 6.186439834150431 14.483669131796047 8.146142169173697 0.0 0.0 0.0 0.0 0.0 0.0 0.0 0.0 0.0 0.0 0.0 0.0 0.0 0.0 0.0 0.0 0.0 0.0 0.0
0.0 0.0 9.874090050230048 14.972324277910767 8.690058455613023 12.446393438520357 7.954705208771462 8.711835348585476 9.168984013250945 1.3532676243078396 0.0 0.0 0.0 6.179203154130327 9.499292188577911 7.9940359434569395 8.449793456110626 12.073341642163834 0.30186987498405715 0.0 0.0 0.0 0.302010766508372 5.134294116925802 11.627748731649774 7.550685956850479 0.6040734747953012 0.0 0.0 0.0 1.6610662799656024 1.8122245223378162 2.11382598508496 0.7550415075922573 0.0 2.7173084002125263 12.980871806513125 14.48833139687764 10.563226757994801 0.9054030323483995 0.0 0.0 0.0 0.0 0.0 0.0 0.0 0.0 0.0 0.0 0.0 0.0 0.0 0.0 0.0 0.0 0.0 0.0
0.0 0.8974096405365697 11.671541896762932 14.975592629474614 13.188568725146972 13.649277728348736 15.010666261635663 13.97056960960302 7.214503335922259 0.45130518730598046 0.0 0.0 3.0126294656289105 11.45187742124403 11.909812830661265 2.412823234272258 4.07381087108015 4.527242970906071 0.754632885590075 0.0 0.0 0.0 4.983399559706501 15.10219371050508 7.098263535870549 0.30205250321985055 0.0 0.0 0.0 0.0 0.0 1.0572136805734336 6.645688015380072 9.665709414050704 1.359337371473095 0.301954654706937 2.5665038711827344 10.265272055579434 8.754808066874844 0.4527233544465143 0.0 0.0 0.0 0.45238423528394817 0.0 0.0 0.0 0.0 0.0 0.0 0.0 0.0 0.0 0.0 0.0 0.0 0.0 0.0
3.5870183376469984 6.1314567042537504 9.728667112380611 14.978091539068341 11.991178348231143 8.251591047657037 7.956288579962962 7.96300754001803 7.366506914292715 1.9553561353458733 0.45130166079372275 4.213604028095433 7.529854383348083 5.272885155013375 5.125270369756777 1.0554342608884857 0.0 0.15090013133555397 0.0 0.0 0.0 0.0 1.8122832338520363 6.343285232642848 7.703428827050733 3.1721953266624245 0.0 0.15107923875804288 0.7553993527446351 0.0 0.0 0.0 3.7767416820161426 0.3020929036654497 5.589346094300036 3.776491357209241 0.0 6.493575353244007 6.3417934732798695 0.0 0.0 0.0 0.0 3.61955831818009 1.6587550165428477 0.0 0.6027488759800759 0.4520760540588601 0.0 0.0 0.0 0.0 0.0 0.0 0.0 0.0 0.0 0.0
8.070457993000568 11.963959957335307 11.824617992870373 12.2837116354792 10.343372440100328 11.101670693638729 8.55628262200268 7.05752039557016 0.0 1.3528256593361625 11.880709718758268 7.823797271515268 5.721595284779941 0.30122409327327215 0.0 0.0 1.5080571364240412 0.45260036968521744 0.0 0.0 0.0 0.0 5.58771586329839 3.3229108164003565 13.292872046824467 3.9277340875777456 0.0 0.0 0.0 0.0 4.231172450778358 4.684401284713452 2.417632128748294 3.4754933510268398 10.425666240849244 4.230160749920582 0.0 3.473908875346359 6.1926383563532035 0.0 2.113821862491666 0.0 0.0 0.0 0.0 0.0 0.0 1.5068106216262995 0.0 0.0 0.0 0.0 0.0 3.4577342258740305 0.0 0.0 0.0 0.0
9.71355266072073 6.580776743507085 3.292954770927838 9.289215241687078 14.838142706135725 12.892011707476433 7.797993701885908 0.30006640539117 2.2529379499909483 11.270660018447062 13.83303787079287 1.203310491044081 0.0 0.0 0.0 1.6584856010094626 13.421129294185675 8.145705643816612 6.940710324844231 0.0 0.0 0.15100487925690495 7.39988169532406 6.645727320937085 7.402116385802033 10.726379957673126 1.5109142214922358 0.0 0.0 0.0 5.138528669199576 0.15114191461151338 0.7557317098391694 9.974914910833304 12.090301552681517 0.0 0.0 1.0577319857593213 10.273193895322292 0.0 0.0 0.0 0.0 0.0 0.0 0.0 0.0 0.0 0.0 0.0 0.0 0.0 0.0 0.0 0.0 0.0 0.0 0.0
7.6220537810992814 10.320930298923612 2.990726645951506 12.573105359592725 14.974179151517196 7.792098348980151 1.6491350678907089 2.4012148814667564 10.210559493238684 15.024386408251639 8.116997258288485 0.30074314892844145 0.0 0.0 0.0 0.0 3.769441857290708 8.144585608113806 5.884231370317959 0.45268612046641005 0.0 0.7549458295232321 3.322153912007278 5.739358939213138 5.28716002034503 9.064734591872094 12.239065120020772 0.4533299779111176 0.0 0.0 7.104223163788043 3.779025376632913 9.97685473794177 13.906910632934688 8.3138212944432 1.0581496605252563 6.046082349757335 6.649306051094776 5.5908220224275045 0.7554667310255738 0.0 0.0 0.0 0.0 0.0 0.0 0.0 0.0 0.0 0.0 0.0 0.0 0.0 0.0 2.5559179679205233 0.0 0.0 0.0
10.906448066036692 10.907589359618166 13.903972890119608 11.670335211521957 13.175951915200564 12.884532740738756 1.6495771347690449 13.9526580536275 13.060478162821026 15.021659155700888 7.965460244231359 0.6014505549538506 0.0 0.0 0.0 0.0 0.0 2.8655405459720873 1.6591915259435528 1.6597959539683322 1.5091481218244358 1.2078035364759592 7.3987928881205205 8.910525994057528 3.0209249579175594 0.0 3.928848179307982 2.266714253889648 0.0 0.0 6.802606147339557 4.53528387224401 14.060156875161018 5.594057698362265 7.8618882649309425 8.164083073584214 1.360524377291371 1.2093863017136388 0.0 0.0 0.0 0.0 0.0 0.0 0.0 0.0 0.0 0.0 0.0 0.0 0.0 0.0 0.0 0.0 3.9090294650330777 1.954306920195127 0.0 0.0
0.0 8.067563363371402 7.923308174152149 9.574530790369387 12.724582997717203 7.339816684049617 2.9987588577437414 11.399723699081083 11.557144874829719 8.410812945920402 7.813722206981352 6.01386714927754 1.353582936398909 0.0 0.0 0.0 0.0 0.0 0.0 1.810640454581225 9.205306503965081 8.151002077246469 3.1705829401333903 0.30202312481200244 0.7552072590333132 0.0 1.5111053173549742 0.3022286078926949 0.0 0.0 5.744987260083727 10.432469203483423 15.120320034164038 12.852777426862211 8.316536818664954 8.467895884954434 7.106936723339004 0.6048383203930656 0.0 0.0 0.0 0.0 0.0 0.0 0.0 0.0 0.0 0.0 0.0 0.0 0.0 0.0 0.0 0.0 4.661356939563864 5.261844801564507 0.0 0.0
0.0 3.436152160454234 11.807951816597352 7.926865455804917 14.219235673928768 2.695245844481608 3.5972918629545854 8.698655227373646 12.30467041817804 5.855195023435823 6.761178773496933 13.529116482698978 9.775412848176938 7.3732943557316935 0.6020491019024651 0.0 0.0 0.0 0.0 5.882863341872588 11.165056147942753 8.300549187681286 0.0 0.0 0.0 0.0 4.532909625592274 0.0 2.871826992441594 4.081615669486139 10.129727227869317 15.120434458790157 12.853451587545957 5.897785487858375 5.142046178298076 0.7561372049277046 4.385580426437658 0.7561284156910604 0.0 0.0 0.0 0.0 0.0 0.0 0.0 0.0 0.0 0.0 0.0 0.15075557273591822 0.0 0.0 0.0 0.0 1.6541194470067957 2.255105289557468 0.0 0.0
1.6411008274713612 5.974147484167503 10.461025976840581 10.168629977915593 12.570246418652287 4.941747366903271 14.534898882146098 14.99377514894393 15.002945292989107 13.060059165268843 14.720001775776627 10.2194827155231 14.134253036012053 14.592632367131092 4.6651234663449275 0.0 0.0 0.0 0.0 0.30165354905094593 5.883461489025014 0.9053983453023916 0.0 0.0 0.0 0.0 9.669646286756311 9.822257519078617 14.811921810359966 15.116763725609992 15.11909662227184 12.399213399620232 0.0 0.0 1.0587461807198566 0.0 0.0 0.0 0.0 0.1512258386997343 3.1752485817898126 0.0 0.0 0.0 0.0 0.0 0.0 0.0 0.0 5.27604474934634 0.6028709972104903 0.0 0.0 0.0 6.62279022856183 7.827229202807085 9.178415236057209 6.467680427352182
9.996016733827192 14.632581070796252 12.700254799194873 7.326660742869 6.1337151162799115 13.324706670853109 13.333036390967864 9.892785710653929 13.04974472857407 10.355144267989113 12.013175206946345 8.113022661633982 4.96093060760894 12.933979588415523 12.789631351288762 6.171309109499078 1.806794180228231 0.0 0.0 0.0 5.731646442948508 3.620494418883941 0.0 0.0 0.0 0.0 9.668631139061794 11.030192046953054 11.032713408734539 9.97683317899629 15.118985866979969 9.223946564344905 0.1512276679806175 0.0 0.0 0.0 0.0 2.420596318404607 1.361503140987103 0.302459796999058 0.0 0.0 0.0 0.0 0.0 0.0 0.0 0.0 0.0 7.688339417898998 9.795757667830522 0.0 0.7530181179166718 4.067051826415581 6.6258488260300314 7.225031059565259 6.018621193307801 8.122390254810838
12.382415698565161 9.853330756949003 13.145791044654363 1.1956290607137934 7.480089096739262 9.279112618621074 9.43646427025985 9.291819402959575 14.995362909188401 15.00398947046024 15.012334080365404 11.715849894685919 12.77420790058654 11.577348764808551 7.070471548165756 11.88892596395279 7.828869731110485 0.0 0.0 1.9596193177819878 8.443884786547017 7.0894708638670885 0.0 0.0 0.0 0.0 8.610198749445603 12.086815944611555 12.391946268740483 10.127294370284252 12.245737723558003 12.550559251249787 2.4196514784182246 0.0 0.0 0.0 0.0 6.808484123001825 7.262176326905307 0.0 0.0 0.0 0.0 0.30227664146616884 0.0 0.0 0.0 0.0 1.6590456220271022 6.331901899266065 12.508902270505889 4.822950306861593 13.863895340157775 7.080032882111341 9.336714765104768 8.428845163000917 11.134354355598116 8.72369078242479
10.441135964472595 9.850605628137558 2.6878845726045006 1.9432828432100882 12.412192870748113 11.821788906368326 12.577343732458266 14.982446412216493 14.091703664712087 8.54943566809438 4.052710413001509 13.063862471750042 12.920738232851871 15.030979942187228 14.737252693194058 14.743869472786361 13.99757464053548 3.7639764605843427 0.0 2.5619158667096373 10.250935741139143 7.388726349398494 1.9608597758622586 0.0 0.0 0.0 2.2656213850932736 2.8699783741057683 0.7555975218455164 10.27769236664144 14.361311832209982 8.618760950478402 3.3270052419636396 0.453753582894731 0.0 0.0 2.572451975926644 9.079189406504785 1.8158695410665369 3.4801596250088576 0.0 0.0 0.453521346048936 9.370747818265636 6.497272858350038 2.265523133988555 0.0 0.0 3.016600907067331 14.173611534226616 10.704868170971048 11.004794924650247 12.960169452117418 13.708069395862161 14.004060984721853 4.0641663270014385 1.3542065777811492 0.0
10.732335152428067 4.923954947705085 0.0 8.069332749343715 13.754640146784796 9.274706958860737 14.370704455870277 13.779948605863616 7.642878644827725 10.196865436569475 8.55243796590066 9.906772537242462 5.707006688818812 14.124727774347118 15.033237940603627 9.475459174918933 5.8679186310536355 11.28949771121798 4.517080858030473 0.0 1.2059010483639299 1.2060272747417402 0.0 0.0 0.0 0.0 0.0 0.0 0.0 3.476055654145992 13.452562875309047 12.246642974710971 12.400684804082967 12.402927817472108 1.6640908834123482 0.3026083499512564 0.0 3.783481718676674 8.17226088581956 9.684895552244207 3.6311591094123266 0.4537332921787111 7.106749223988829 14.35987477888912 14.958857957595415 4.682591176396947 5.283843936316537 9.05422430645887 10.712266025841918 14.18080377133566 11.914131797061101 12.96423544775308 10.096313296108406 8.887608465761561 6.173621266103391 0.15054267908504765 0.0 1.8045539463186246
