agricultural_afforestation/data/CP_1km.txt
nrows     203.0
ncols     198.0
xllcorner     857533.25
yllcorner     4281682.625
cellsize     1000.0
NODATA_value     -9999.0
[rows 150 to 174 of 203, columns 58 to 115 of 198]
0.0 0.0 0.0 0.0 0.0 0.0 0.0 0.0 0.0 0.0 0.0 0.0 0.0 0.0 6.7808562901219815 13.119303404732905 9.13756630156282 9.576520718846838 14.285928606675613 13.83633367305087 9.267198505695047 11.171006888293121 4.552109568203571 2.2018205260048482 0.0 0.0 0.0 0.0 0.0 0.0 0.0 0.0 0.0 0.0 0.0 0.0 0.0 0.0 0.0 0.0 0.0 0.0 0.0 0.0 0.0 0.0 0.0 0.0 0.0 0.0 0.0 0.0 0.0 0.0 0.0 0.0 0.0 0.42529529342940425
0.0 0.0 0.0 0.0 0.0 0.0 0.0 0.0 0.0 0.0 0.0 0.0 0.0 1.9157322664850274 12.231695886934009 12.967311295038407 13.99578682793816 10.456925897914019 11.33466339639324 13.682953507685328 5.1455720155864375 7.3459195815268155 10.8632236975911 7.9199490479363615 1.0260262493811059 0.0 0.0 0.0 0.0 0.0 0.0 0.0 0.0 0.0 0.0 0.0 0.0 0.0 0.0 0.0 0.0 0.0 0.0 0.0 0.0 0.0 0.0 0.0 0.0 0.0 0.0 0.0 0.0 0.0 0.0 0.0 0.0 0.0
0.0 0.0 0.0 0.0 0.0 0.0 0.0 0.0 0.0 0.0 0.0 0.0 0.44201973701490815 5.893663041021339 4.125267135039383 7.660060319444158 10.898389157487442 13.98562031891925 10.300803370720724 9.853555032985186 3.233412588683779 8.81239556654852 4.696724907045502 2.3459256095776144 6.1533406127192585 0.0 0.0 0.0 0.0 0.0 0.0 0.0 0.0 0.0 0.0 0.0 0.0 0.0 0.0 0.0 0.0 0.0 0.0 0.0 0.0 0.0 0.0 0.0 0.0 0.0 0.0 0.0 0.0 0.0 0.0 0.0 0.14131686168641636 8.343471160788603
0.0 0.0 0.0 0.0 0.0 0.0 0.0 0.0 0.0 0.0 0.5893128858934494 1.76799133223238 9.281941891780834 10.460120448941376 10.752956647313187 12.665367882657062 9.127625129523903 11.477907053757125 8.531546992014663 2.3527671679699513 0.0 0.0 5.2802125600283 2.4918711317061453 0.0 0.0 0.0 0.0 0.0 0.0 0.0 0.0 0.0 0.0 0.0 0.0 0.0 0.0 0.0 0.0 0.0 0.0 0.0 0.0 0.0 0.0 0.0 0.0 0.0 0.0 0.0 0.0 0.0 0.0 0.0 0.0 0.0 0.84859388865781
0.0 0.0 0.0 0.0 0.0 0.0 0.0 0.0 0.0 0.0 2.5047290437709373 4.567520545732673 12.22824945825565 4.1247076299899765 7.216470197687197 9.717780254615073 9.860216668653079 3.972568033759413 4.558891433722856 0.0 0.0 0.0 0.7329138588346353 8.204199201167736 1.171378055128633 0.0 0.0 0.0 0.0 0.0 0.0 0.0 0.0 0.0 0.0 0.0 0.0 0.0 0.0 0.0 0.0 0.0 0.0 0.0 4.807929825423768 0.0 0.0 0.0 1.6820370105937705 4.487252935130428 0.0 0.0 0.0 0.0 0.0 0.0 0.0 4.1003723270678485
0.0 0.0 0.0 0.0 0.0 0.0 0.0 0.0 0.0 0.0 2.063003130675873 4.862510495372404 10.018070209432489 9.574348584537683 4.417629006371508 8.68422324590036 12.800189369256072 9.118416984509661 8.083922989052606 6.315217307518194 5.723571182679974 6.746476434060209 7.035050554119607 8.346795820483296 1.0246564268000904 2.9229226080484785 3.3599092993312456 2.9181739646574187 0.0 0.0 0.0 0.0 0.0 0.0 0.0 0.0 0.0 0.0 0.0 0.0 0.0 0.0 0.0 0.0 7.497570276884272 10.029621931713104 0.422830570269465 5.91122939254888 8.010724503429943 9.686255609761417 1.403879270029794 0.0 0.0 0.0 0.0 0.0 0.0 4.807031549070906
0.0 0.0 0.0 0.0 0.0 4.127784078394486 3.6862483889832385 0.0 0.0 0.0 0.0 0.0 0.14731117916168218 8.68955577013045 5.5952395622278 4.855873046522031 10.885660100846142 9.850115768774021 11.16611607413161 5.5796447466281185 6.89635678571097 8.210757635334256 6.885371434991083 3.6601121005367108 1.9013321871479791 7.5989640101701434 1.8988150953319773 2.91729900970365 3.207285464524575 0.0 0.0 0.0 0.0 0.0 0.0 0.0 0.0 0.0 0.0 0.0 0.0 0.0 1.853082715711943 2.7022934280224167 5.95491692854603 1.4135595891028911 2.3986967881932983 11.698830891297034 8.585988936102789 1.5481499771225673 0.0 0.0 0.0 0.0 0.0 0.1412151298612858 8.476917292173525 10.462372578821972
0.0 0.0 0.0 0.0 0.0 1.6226665739709092 4.572546728430252 0.0 0.0 0.0 0.0 0.0 0.0 0.0 1.7663641623970612 9.269097060684555 7.793990806941837 9.405987430123801 5.141109315134226 6.898281150985456 4.399892637271823 9.525966599061755 4.687235543217566 5.705880149093448 7.018197472588203 10.811818178873438 0.0 1.749609194466143 4.081020587025728 0.0 0.0 0.0 0.0 0.0 0.0 0.0 0.0 0.0 0.0 4.451035681039805 3.4433109132163837 1.8575068912511112 4.853009764591212 11.670222456852926 14.06053557576862 4.254981443489744 5.230422758155779 13.980937655585748 12.835705473236688 5.075739673456898 0.0 0.0 0.8455821930331375 4.087171172183298 0.7049108707603411 5.084621668157913 12.15382345318053 11.314817413987601
0.0 0.0 0.0 0.0 0.0 0.0 0.0 0.0 0.0 0.0 0.0 0.0 0.0 0.0 2.9431781227613736 4.118758945343092 3.0879700988463634 4.848300726579831 11.158609716242253 10.857174683855384 1.9057509314610215 9.961985027470025 0.14646843717374822 4.095340195402514 4.968125284986103 9.786297733674406 0.0 1.7490091949253321 1.6030570148300471 0.0 0.0 0.0 0.0 0.0 0.0 0.0 0.0 0.0 4.897958266087348 7.766485374588681 10.195195522207099 0.0 7.430527568497127 13.116712786133885 14.225582573862576 13.061766840364648 8.502957850100247 9.621252423202227 13.705406601808063 8.046896357215157 2.68160696037124 8.038228117367494 9.447384851288035 14.103907074595348 9.452057262542649 7.198330687470816 5.9399035879726085 4.670739963113109
0.0 0.0 0.0 0.0 0.0 0.0 0.0 3.5432140547906235 1.3286245066823879 0.0 0.1474535702526581 3.243403536408702 0.0 0.0 0.0 2.941450118533275 10.582289676405559 7.785418322080755 5.430868165857598 12.174129104695304 5.128544288456293 7.616406432207117 0.2925152027968099 7.16382656919608 10.080703832132382 8.760689951056277 2.6255056502298935 4.080843289288618 0.0 0.0 2.0346890060443115 0.7263780294362212 0.0 0.0 0.0 0.0 0.0 0.0 5.046212896303344 8.06532268652082 10.779676641376128 11.476728777075317 14.167961067059505 12.136893713091526 10.827447658936816 8.386008275563851 12.492001883888289 8.503020811114443 13.87000796308184 13.008980990654331 8.195335299024041 12.146066892281452 7.908967001626761 13.69559129555309 11.296484912956743 3.53069077175085 2.1224323209827323 11.611205869247591
0.0 0.0 0.0 0.0 0.0 0.0 0.0 0.0 0.0 0.0 3.5394396350613686 9.288151861678262 0.0 0.0 1.7654351532699515 8.529369677673465 4.260800694185225 13.949568705035047 3.082137240846217 3.2260284308153953 0.0 0.0 5.556961311281994 5.554678152647985 6.2795903797655965 9.632647258096448 10.646233166706391 11.075834068277132 2.621750863511047 0.0 4.650815033059975 3.6325622816836596 0.0 0.0 0.0 1.882575127113579 0.0 0.0 5.198402421832569 6.637816768490923 4.1715565106844315 14.363292054660256 14.330289952899337 9.725639812167445 3.8548232878905018 0.5693692737095433 12.36654923230152 2.556242002560158 5.526615071550741 8.921650912779658 8.206062332481741 12.868131718818166 8.056096978887563 13.003259890627113 13.144608876929299 8.906539064375686 5.939954593881705 11.191599954253645
0.0 0.0 0.0 0.0 0.0 0.0 0.0 0.0 0.0 0.0 1.180064343716293 4.423383336274092 7.809551426898693 2.2091429660224042 0.14708014491698537 11.026590372887217 3.379206379229528 9.835025185627247 6.895125802602077 0.0 0.0 0.0 2.338684721894292 2.9213913000278833 2.9203372863515638 7.44003380016997 8.017328091372587 7.722680061717547 6.8419784933214345 0.0 7.26699540721576 10.895475038140237 0.435616947938514 0.29004726189102525 0.0 1.5929508635775764 0.0 0.0 2.312164394422238 12.85424050245535 5.190046319505848 9.054959363811866 11.907603385868587 11.452365716656118 10.286685088126195 5.277548619118338 11.81601536305513 10.519593724881602 1.4184346603917617 11.058319923329217 13.034074736157352 9.345486936732835 12.030624017750707 14.14909526013147 14.147659685356029 14.148102743134254 13.867016397125413 13.02941882855295
0.0 0.0 0.0 0.0 0.0 0.0 0.0 0.0 1.1819313438486854 1.1808507026023185 8.85434860976667 1.916479425494452 4.5678925725983355 2.9453898383036266 0.0 5.8799672546032795 0.29388213997255797 0.0 2.7860121491618877 0.0 0.0 0.0 0.0 1.0224221172014418 2.773488632645815 7.874109396943567 9.181594936512411 11.506632433303203 6.402430877835209 0.14539282684052118 9.738608383919438 10.749011546460343 1.0164188484305732 8.846169330237261 2.4644415571762943 0.0 0.0 0.0 0.0 3.322684693801974 9.084669190303003 5.03474354577428 9.192251381742397 11.177703455332201 4.290781529552796 12.562357591187663 10.11752142592734 9.677073699265385 9.807450495779179 5.11187455161852 10.072907454255311 6.804679338385776 10.342401561777574 9.771586287131155 7.078856479465205 10.760763793906133 4.813727708529285 2.8323631555672293
0.0 0.0 0.0 0.0 0.0 0.0 0.0 0.0 4.875936998531975 6.646932857282196 8.264945960196691 0.0 8.251152579326309 9.57029228433117 1.912924540629069 0.2939760465212804 0.0 0.0 0.0 0.0 0.0 0.0 0.14602735699086428 2.1888582937482 7.147376449981563 7.57952957314505 12.529917060372838 7.42520583563701 10.767543637819594 0.0 10.172830360761271 11.184201338592741 4.355117319761714 0.14499143836598183 2.899130251321949 0.0 3.0402025783592177 0.0 1.3008695541497879 12.132434006119022 7.644146670231409 9.065624244241889 12.068522392890014 10.324836267866658 13.310769764881856 14.288675201882088 10.84331490207619 7.5509310092428885 11.098123285981437 11.37070771394931 8.520682198797703 0.5677902943644229 9.502581059778834 12.618559627611157 7.371506880016504 6.944079751178994 5.6690795317915335 4.110943674558528
0.0 0.0 0.0 0.0 0.0 0.0 0.0 0.0 1.3299762627619791 6.794959736689233 4.427991432439434 0.0 0.0 5.15253378196739 4.1188274248052235 6.172252022417183 3.963860437203728 1.7603453249655423 1.9043851872748654 5.708208222011142 1.6090327675902687 0.0 6.130848234029521 4.085826901885996 9.330759645429389 5.392210295032492 14.4188373221631 6.259876029683364 4.218915612661478 0.0 9.008389762783025 14.52301786715251 8.129301426506375 0.0 0.0 0.0 0.7238535025370023 0.0 0.0 3.464045695590532 6.201653273689412 11.515418695700228 14.371718175781204 9.326842861855045 13.033392670740346 6.720970523430637 6.569149128430437 14.260087870410494 11.82178429102083 9.390794959626252 7.109400573373097 7.52849703881988 4.116860185107431 8.51298522571314 7.376002912045506 11.347148029863094 14.182007802811702 14.182045720473063
0.0 0.0 0.0 0.0 0.0 0.0 0.0 0.0 4.139876216952284 5.762720815379884 0.0 0.0 0.0 5.1527479886692005 4.117846531509939 2.9393667262634664 3.9629966488075374 7.332338440073547 7.176527343527681 10.243673139525082 1.3154327906616134 5.841467034205407 6.8587499936145235 12.83372639862966 9.182801580207466 10.488332068376174 14.123169774168142 8.003043139648495 2.327570012430081 0.0 11.332093490076305 10.164638233371242 9.14403889261054 2.1755214293919782 0.0 0.0 0.0 0.0 0.0 0.0 1.4418269048887047 6.046024452648193 9.773496415877464 13.348516898872747 13.18388527573265 8.30087175847118 12.004825686208974 14.272208704569657 8.696187423568576 10.824573525492092 7.257455772434434 11.517949505615794 5.969786352461287 10.08465463613245 5.963857854140147 8.658556510540832 7.095829966093298 13.05597454380403
0.0 0.0 0.0 0.0 0.0 0.0 0.0 0.0 0.7393314202533636 6.649448812492093 0.0 0.0 0.0 5.89045719437009 0.0 9.844000518369644 4.109055760294317 12.314920094090542 11.423025860416663 1.902423863483891 6.427971230032495 10.363694571848706 8.459887377085343 10.349784004104041 11.510083276013628 13.543241153873298 12.227399997685602 5.383057698715066 0.0 1.1624884229869925 12.202286630586704 9.14728512952169 14.076169335326291 7.107240499422552 0.0 0.0 0.0 0.0 0.0 0.0 4.899774795366217 7.919675899644037 7.045953088986249 2.009649168122748 7.454501430848268 10.164693644763501 11.4411932739187 8.853827918162304 14.267282690837915 12.684974586491585 14.241103024741637 12.380287426221862 13.368363355091535 9.09752511161285 9.946250809034604 10.796189480938931 13.350154269140662 11.219362488099424
0.0 0.0 0.0 0.0 0.0 0.0 0.0 0.0 0.0 3.694537651961968 3.396718322842648 3.6879838369445124 0.0 4.857919449582363 8.383750020846586 4.407389373508287 7.923533050181449 13.046615818395463 1.025362614008623 8.333718264133095 10.368515534373602 10.941262786375122 10.7878958068765 5.973813714370811 6.7001574994406825 8.297833562816354 10.332836904277775 2.9093416631957316 0.0 3.0513718945389154 10.603292978949883 12.340313564807305 8.705629344250074 10.006265633796136 6.086645554145234 0.0 0.0 0.0 0.0 0.0 4.035484292580756 12.094384071153701 9.204090431091798 5.313004470621507 4.7345688112319175 2.864374666347883 12.447547060765697 13.148392560828862 10.28054845588087 5.706011599290337 14.252204500032922 10.25373781692493 11.814227689548101 10.101194205132517 11.376297361022335 12.651984140482085 12.364844330052014 11.510270577102721
0.0 0.0 0.0 0.0 0.0 0.0 0.0 0.29629550956095996 0.0 3.6943363498633834 12.99656955561511 6.638966491426702 0.0 4.121461471016859 7.943615357767592 0.14683920228850297 3.815116819143391 5.718057692100626 2.1948843620986875 7.896719968012526 5.109055458858397 2.1881384864989757 3.205543303388301 6.555591125874822 10.484124723408716 13.53745757170131 5.23831597792186 5.6725899380589375 0.0 1.3078157282608287 9.585091677210045 14.516144373959042 12.766987513292749 14.499263802493848 8.404841521165174 2.896576928765434 2.0261058272889576 0.0 0.0 0.0 1.5850648952116986 11.23082893887563 8.341817171207175 13.072828274893027 14.348307792427947 13.328647838576714 14.315781638670192 13.013623184958796 12.858605752263509 13.417163896331772 11.267925665369276 12.6848847749241 4.272305561095314 11.815223578547876 11.384417438397413 14.22507077610712 14.221442964160905 10.096156918762317
0.0 0.0 0.0 3.567153759515374 0.0 5.638335449098445 10.37757972053947 9.481354957325815 0.0 0.7389687417368219 9.453872179666543 5.458638450257331 2.506828888991159 3.5338503874369596 10.148786733317777 0.5879659292566499 5.869570873655338 2.9326566114173227 3.074693221593363 0.0 1.1676703091609024 7.292286420288922 3.9355777947682338 7.283369123468231 8.882324257621686 13.827892994662893 10.330817274803126 9.889968939246844 0.0 9.154500143529427 6.970667786571387 12.192152426059788 8.124229814396816 5.654724192307728 6.373574703035603 10.279380292741253 9.259661960389877 9.827932389462015 10.25385407581216 10.098990443418936 13.548766083522775 10.655346161353755 10.78778695200465 6.034208642559696 11.33956717228989 8.314586489554063 8.450854208833206 14.165096174650397 9.149746310612084 13.568313261650465 11.275181163074365 10.552615285190445 11.403379340556405 10.399355205172668 8.828008633534084 12.383957246877625 8.253724892265422 14.227508330176368
0.0 0.0 0.14876729162185634 4.608709539466282 2.674877750892934 3.4141495695976527 9.34087400680875 3.408035389047787 3.4042818135288333 7.244929612153534 7.978361116161684 8.557396882459074 8.255414733371424 10.308431706646225 12.061859269408728 2.350591900609671 3.3765529725014973 1.9051457865240446 3.0753613813185194 0.0 8.90968460146327 8.755930311002981 5.832558574548846 7.2856022913660645 13.398466036102063 6.986791182500759 12.950112203809722 11.344300481815996 4.651507636106253 13.658466490438189 6.099141810998991 13.788375334668807 11.169889556784419 2.754370240812319 4.2004216747680605 11.725533637284817 12.006588470269048 5.779763369485815 10.685861450550117 10.674866574751377 9.945169263408998 10.22433509613827 8.776156129737265 10.921303303301382 14.356739512968947 11.330046544474236 13.325111739127495 14.315132468627676 14.302573908760328 14.005002042914215 10.424089718739925 9.847550720559658 7.559893568596475 4.1349236296883145 1.7093897210747035 13.958187692974242 14.238976481596003 14.235775971830199
0.0 0.0 1.0415473998600608 9.21957924645326 4.606471715024606 5.788157540442397 14.534032532978163 14.520614468040154 6.3646599806935304 12.126095120363226 9.751020235351382 13.577379106721763 9.141462353681622 12.665050184966267 12.503652198467268 3.381190795654168 1.467100312522168 5.863559482367073 1.6114467484848602 0.0 7.59662396360237 8.029060632086532 8.605412928658813 12.535089945857838 6.409191860087712 9.754579893119832 6.112724673135028 7.999721243196722 4.2153156812361505 13.949420799317513 6.534892681716498 11.755927784816064 9.42881972728151 10.436047563551 4.780872408846178 9.408123497502526 11.137430717568977 2.456276159599514 12.273593192696104 10.963340573267809 12.683329212214971 13.10474646979312 10.791801409167448 5.174191992835614 11.056495137163246 8.035438997555946 9.889846882779704 14.321450641749829 10.159467642252158 12.582719379696352 12.144409226141367 9.13863942414888 6.705979660801798 7.131909843123475 2.5660673884847798 10.403342844904834 13.819625981099566 11.821814676536418
0.0 2.234811030606374 2.9768224179520684 10.112831729118698 6.390540921134503 1.9292842289559888 12.014807762111063 2.963683445789013 3.7010782269016653 3.253745368011528 11.375851376712541 11.36493988335547 12.385442193679625 9.130666374636595 9.269449929113676 4.557005596291226 0.8803686881123671 8.799379164021426 3.076460336840369 1.4637190801039388 3.653266484353951 9.49167824581582 13.277413316408941 11.371292904612126 9.761663833164661 14.415634169930502 14.119261928011868 7.711206230094856 0.29070884840759204 7.846622572062099 12.053713043781826 9.288674682488583 14.504962710891673 10.726974324348769 11.588233798387483 2.3165991410413675 0.0 0.0 8.37294289724188 9.232102335862857 14.411354078248502 14.400925791649406 13.958216489687286 10.78373459665024 11.203459066653153 14.35151826711955 10.323897906452252 9.45589832812475 12.169091600259703 8.725701016338249 7.148917001336654 11.144478312820532 3.141913606700594 5.851412592681127 12.267870262830948 11.26575747541954 13.257173315173768 13.111533340074237
0.0 0.14893401574273582 12.05748600242903 7.88330300849849 2.3776032724825127 7.571719905947024 12.60912819485284 8.742315668146608 4.442780040040781 9.61336602131636 14.776254200056675 10.775503261383626 14.450864922256763 12.226803118942012 11.477299845467863 3.2349726194536412 1.9089936363926563 6.012084626200228 3.3703761613788323 9.806423946198063 9.941439612638241 14.023621272655673 14.595301046837749 12.688002966869764 12.095868618536493 13.982204268758638 13.685505133402037 8.875485067092683 0.14546369006067855 8.283054474620535 13.942752160438394 14.079240918688392 14.505219894641607 14.495365358082617 10.140568760740877 0.0 0.0 1.8779760215047876 12.272966009898626 9.377402012052142 13.258487063680459 13.96656130150655 11.94414603681579 5.750738449221939 8.190359615881414 10.479402936446906 3.8723772428355807 10.606686252524282 14.178828039460276 12.737513351402876 14.302490710706723 11.720563941743556 13.857127403090663 13.564919748074743 13.701459276289869 14.267122150225168 11.12523651888519 9.267804253332589
0.14905790754932227 4.170940339421012 11.908784292114712 6.693670123729456 5.944009904445753 11.72894220294029 10.532230957352699 14.227576595847035 8.292709977293718 7.395806925355749 14.038232680503286 14.172127554153056 14.747320052077939 4.714315790644394 4.708376608180847 6.32202941409398 12.189101499136866 6.747225032930627 8.794098938327723 13.90741743521688 14.625575829697711 13.151374046503387 13.431258604609136 12.399156204953307 14.577292370538052 14.568920191693062 12.37813710430482 11.496457150772345 2.4730651163941104 7.412167316212735 9.004989325142523 10.160271489126503 13.925760004271947 12.320966357657422 13.181827181873048 8.395522056621191 0.8677404521833163 0.577934446028141 7.364327157917834 6.924077362908619 13.548267425134917 14.399151304232145 14.386744355810157 14.38193008627043 14.37110395071893 14.359784446578225 13.9183369914902 12.187249942241847 10.745369221879557 10.023447049021565 14.309000852482274 10.297290490883483 11.148278723454547 13.000458507021659 12.42358436967587 1.5698507809818123 3.5667865087742054 0.1426429445237679
