agricultural_afforestation/data/CP_1km.txt
nrows     203.0
ncols     198.0
xllcorner     857533.25
yllcorner     4281682.625
cellsize     1000.0
NODATA_value     -9999.0
[rows 100 to 124 of 203, columns 116 to 173 of 198]
5.810086348972687 0.0 3.881967969637175 10.905327241156341 12.555306342058772 3.289760472189144 14.516127870359387 6.288335838061985 0.8990596387995603 10.793119317054293 9.149201929799922 12.755734749253302 15.013760529422779 15.02106583243887 15.02812453668333 9.923041964230551 5.414748323468808 8.8782271637568 5.419379466016008 0.0 0.0 1.6579040059864647 4.2209299667103775 0.15076988911554215 0.0 0.0 0.0 0.0 0.0 3.475128996209324 13.75301010675001 14.361199122081855 10.887069058325533 11.343774380837223 9.984322983655417 11.34805458453093 0.0 4.389231996027176 13.924806557381926 14.226425190016375 12.256762470886663 7.412419896016487 10.887552781898117 15.116241196928375 15.11004182432856 14.197554319124054 10.7189444829282 13.28398926929865 14.186310947128739 13.727824551360273 13.270439810132913 12.210042666552223 12.054212303749896 6.025406621891042 0.0 0.0 0.3008351671430016 3.759555635978612
8.639408071234163 5.067746696895916 1.1933422450825517 10.602043655223184 14.643958509140367 4.635295389416213 9.425516393711892 11.077538365484887 13.929063600700832 11.987580585607297 11.844711629748739 7.3508953013557266 10.806426495331664 15.015692548588897 15.022719691595478 12.624467098455801 12.780558542683336 15.042475300517903 11.586805005549273 4.816683092526841 0.0 3.4651453317707785 9.796385152672835 1.65815624485885 0.0 0.0 0.0 0.0 2.718147184066192 9.365758823714119 12.08770380046978 10.882773421595786 12.850433123385525 12.55180078342927 9.226749265819798 9.532318741050412 4.691331933232786 12.108877037585403 12.715172473942461 9.989801042226368 11.34962887637702 8.32057217629555 10.131372327831874 15.115866727181613 12.540850258255103 13.896184757510774 8.607863190570336 10.41615883791406 12.072272078751302 9.201920021702994 8.142248573668006 7.083969524119911 11.901933084464806 9.187190465813753 3.161224676506117 0.0 0.0 0.0
2.0854737176397697 0.44716258929884367 2.385555599408385 2.0891559718032533 14.188392217391838 11.957285439695855 3.1405815562482395 0.14965819101873112 10.480907555589802 11.534908473377879 10.491151660305853 14.995454983260093 7.65121936914727 11.108205032667637 8.409178208983905 14.122156600707878 13.22676016284849 14.285169062086585 10.981168149942178 12.490962326968697 9.032268633199834 9.940056365645253 6.629415381086407 0.0 0.0 0.0 0.0 1.0564323296866378 5.8882328016294405 4.8329367276966195 6.64634839899273 13.297553657047262 8.918104564816264 13.910205268131925 11.645652627018755 14.220732715080276 10.89500708142214 7.2651618953013175 9.840048746818528 12.715687417978854 10.290917963654309 11.042637584291041 13.30665368967069 15.114714760727274 14.052971115767177 8.459064375718254 7.399310389709284 8.905132437187842 11.61747050036249 9.653053289339953 7.387255159708661 10.097291517632808 2.410165253138926 2.409474410629638 2.40856088679352 0.0 0.0 0.0
0.0 0.0 11.329723772889912 3.8779142029090616 11.641165645344657 2.9878982143341126 0.0 5.833386429238313 14.667355728627735 13.627111106945126 13.633809524077863 9.143133913558557 13.646839383052065 6.752675066116977 15.010998827861636 15.017745282125988 14.122681337454004 7.064603779251327 11.428798550981847 13.689249801236295 13.092074908813885 2.860548322752801 1.0542133469082435 2.2599281417933876 10.248171501345752 6.934782851694989 12.21621331971155 14.181584491361665 11.770965791879904 1.9622055798326405 7.249150191786921 12.840258582373018 12.391211291417665 12.696911168427862 8.769080531504322 7.259620887013414 11.044608709677297 10.896560015946612 5.449923261198348 3.633178830491559 1.2105636971239853 12.856680641201262 3.3263552735132897 5.894892603398745 11.331449243889274 7.249373829953693 6.189987491384149 10.413114814953563 10.106768166595986 12.967698440417868 7.989177222207729 2.2604155469357825 0.0 0.6022758800101451 0.0 0.0 0.0 0.0
3.423377471365284 0.0 12.220759764754664 14.16647866894808 10.294551781332697 0.0 0.0 7.627122059714072 8.079010613088235 2.0952130615031543 11.38278226638882 11.387434852021851 11.842258335557299 6.899017705491075 10.05325683633303 12.909735860379703 14.567206054954383 10.967338117726863 6.763908166779691 14.585625158878186 13.98958972689221 10.684548619889963 2.107054674702595 3.3131507495951387 11.750711834106882 13.262052950126664 11.909305949703581 8.14380715287184 12.52154845765724 11.619664520681738 8.001038792062769 11.627972847605996 11.631188586019542 11.483739448534305 12.09205580554621 12.701057566175342 4.083779911832643 6.354364173608469 0.0 0.0 0.0 4.687362562381882 6.499807202389583 10.880203825383223 6.796907664951128 10.266986765909238 13.583596941420913 7.845738257203058 10.255627572000947 13.116000503585743 2.2606527031466896 0.0 3.161725847150248 3.0105998849947504 0.0 0.0 0.0 0.0
0.44645226679171324 0.8936801963358666 12.664060539875173 10.73356069463467 1.9384649345517542 0.29845329431463463 0.0 4.182402006901726 9.718035073723714 8.978334843444976 14.221435431566984 2.995675263920413 13.48616685291038 11.843609140541709 13.798285644687493 15.00463883864596 11.708383580431981 15.017480308665094 13.971748745939365 11.572866780377353 9.472735398996008 6.768864757157854 7.522622615378755 12.79533080664347 15.058400099157762 15.063808646822222 15.069125270554105 7.084414852200846 12.365425626402269 8.748667187059453 13.127891864697526 3.6226916937716362 6.643457673689152 10.57334666173592 5.741714522248746 7.859004453831685 9.523204595083577 0.0 0.0 0.0 0.7558311813365093 13.906227957054627 12.995743645503598 11.631578134738959 7.549469580726725 11.47177859921426 13.127223246341693 4.977900393344509 0.0 3.4661407743587795 7.834076721202568 1.355357150720552 6.021144524371057 4.665077486855529 1.504488027105502 0.0 0.0 0.0
0.0 4.167914836889048 8.93739500029249 8.495467599275447 3.876055569811978 5.818566007176174 3.5814443402257266 11.049557239305564 7.7681944753308905 8.673924731118728 14.963267743795905 3.891497014147359 12.28201484628129 7.642047790339732 12.892508561955339 8.549013207857822 7.953153671740924 10.95779071020269 15.016487509429755 13.06960852016091 7.213251177635828 8.118679513367317 6.316906830264038 10.833180616983874 13.54616807174598 14.906158766529822 15.06200803369153 8.888805578564325 9.495676629515653 12.81625550368899 12.669289647526464 11.76808741124548 8.45164257302633 8.756673222588608 11.325489652558403 5.891350723962404 4.07980129827897 0.0 0.0 0.0 2.8706289051160354 11.028811746289255 9.515446936100398 9.814271497581725 10.414908409873734 5.12996397370416 12.216677888207077 4.071603875020835 0.0 0.0 6.023884674546333 5.419940692728832 3.160731916764356 1.955965680965486 4.060769826013576 0.0 0.0 0.0
2.529101294822162 12.79897494732988 5.510051705295792 5.215073546251807 3.1298110981279357 2.5355702137749674 10.293939538307733 8.806252388813466 6.720136302622251 9.560879812517733 10.463878678875883 12.415838946180505 8.083793908089232 5.691561503491506 2.6976474473082748 4.346576399278759 0.9000842822205878 7.35180709872316 7.505182046167276 9.460075552311011 12.317428607210195 4.958874072670467 12.476951951312905 8.572713195625077 5.566472164798791 3.462037839824008 13.39861613875902 13.402857180192518 13.256626246129388 7.2334068471494755 4.975180302891307 8.745813459181537 3.469194570138641 6.185692217017809 13.280899992889228 3.773641091271655 0.30203038549730066 0.0 0.0 0.0 5.28569415296921 7.548994038814301 9.661194230889388 12.223354139165568 6.337027542357025 6.183493692484505 14.021627857846061 1.9596390945185957 0.0 0.0 3.462461181188459 7.224617408501282 1.2038394626783893 0.0 0.0 0.0 0.0 0.0
7.7339480228808 14.13474761019346 10.270913828039417 12.211647033538235 2.3833194639136828 1.7886441702371259 8.352113692790699 12.23383236570449 9.551712122365949 10.302341103395275 5.974453083043279 7.920530677346872 10.61684499304707 0.5987994111408808 0.0 0.44945699585569365 5.095284559858412 3.4483997417139376 3.3003345416527985 7.502773894918582 14.262071296363791 10.21218507639897 3.3046327521919228 9.317858768828922 1.5030496688135067 3.9107195829010912 7.221552170729603 8.278449879997364 11.292947840885398 6.325379667465314 5.272391366147789 4.672187895678432 9.64832405870754 10.102841379472492 6.184187231810812 4.978408776111181 1.0558905846639333 3.470309665266983 6.186537643143097 1.0562242514824107 0.0 7.544540127516734 11.767104173154186 7.39124351678145 1.9598448127940449 6.631960651006374 8.138195097849511 0.0 0.0 0.0 2.7086494935542977 3.4608484285859733 0.0 0.0 0.0 0.0 0.0 0.0
14.123774569169628 11.006792721579856 11.309277424135379 10.570128472692433 10.127593678330983 4.023274895766985 5.067517221734119 7.00805133012018 5.072731340640489 14.775900191896786 14.931397956542435 12.995501520103325 1.9426791338205556 7.175059456918572 1.944318008121174 9.426740326429751 14.977921435495928 8.392468094038978 11.844069959934101 8.40021495943386 12.752987015961548 12.30799635178445 10.361214773524758 5.557689559336053 12.471970418249846 13.378336469888866 11.87930806643126 12.334578709012474 7.3730422059869944 4.9678104313610625 10.840455054507533 9.037404013462007 11.148501678260056 12.055114832715358 9.494717972918243 8.59279852043007 5.881048620927782 5.731243016129442 9.199364857620834 4.523945572776284 13.572534608539597 9.953075029433268 8.594476422418587 6.1804857066010115 7.385082311368472 6.027494393598416 0.0 0.0 0.0 0.0 0.0 0.0 0.0 0.0 0.0 0.0 0.0 0.0
10.998897529939166 14.869255297356583 6.247532610604999 4.316278089344431 11.910998712322955 14.745348775340585 9.535460497343806 10.583692072368097 6.859623733116124 5.520290190735143 10.89530785979474 8.50913212435825 7.9164554896217965 13.896285829878012 6.576231047524753 13.907671045180614 14.960215995778047 14.968891335280219 10.934162901293167 4.947278841434865 11.847071873607025 11.4015020318764 13.80593989289304 10.507925863110616 12.764790782814968 7.962376288424413 14.577279037613371 15.032984670633825 11.277989983529897 4.061003805773993 12.338482219913052 6.622519924967677 10.689290664436584 10.691703339030049 13.555880405100051 6.929955578018664 4.067649835738525 11.904292940857664 6.932643640288408 3.617823564917143 8.741697374455605 0.7534286157666279 0.0 0.0 0.0 0.0 0.0 0.0 0.0 0.0 0.0 0.0 0.0 0.0 0.0 0.0 0.0 0.0
6.241023878803233 13.526893511058988 2.378952342659797 0.0 0.0 1.339673280724476 7.744095353421235 6.555316540087962 1.4905196154625993 14.463011848495457 10.740361735835243 12.684099279356088 8.358857809155397 4.629006654612933 4.034327856317722 11.807726683846287 14.951439870797056 10.768916060941494 12.569582128888785 5.387706661809242 0.14992712230962227 2.8485620392628554 12.297277775182236 7.651232870129507 11.7054902433834 9.607745440138231 14.267095681510373 10.364966305272006 12.323084533454248 6.765018913309593 5.713874265912911 3.3095397826917994 14.442524309167556 12.79073487150651 13.847728274268464 12.946527175928988 12.347223870838627 12.047324419670261 12.498997501682677 7.077000405635457 5.421725474030342 0.0 0.0 0.0 0.0 0.0 0.0 0.0 0.0 0.0 0.0 0.0 0.0 0.0 0.0 0.0 0.0 0.0
0.0 1.9321597351573654 5.351082822679887 2.0818531739877257 2.230814349220561 3.422501271631514 2.6798669029397004 7.743158851354282 10.427735707700153 9.537495652383928 9.988472548804571 13.27311387933632 12.532494717065278 4.029637417844512 8.509530704000213 10.306870593496315 14.49391664875247 13.452967374369457 14.056640003474941 14.959685406230077 13.917656501037083 11.827245754247121 5.695422340293758 9.145029766846978 12.297746734283118 9.452056247434863 7.804370126290793 15.012750232816202 14.116681050354483 11.565483691052952 10.81726026946525 7.664273217577166 12.027306718773564 11.428731373555944 9.024758039025013 10.529744251688262 10.683049509530953 11.587113886128776 14.146075456482963 14.447451558978509 4.6654039926159045 0.0 0.0 0.0 0.0 0.0 0.0 0.0 0.0 0.0 0.0 0.0 0.0 0.0 0.0 0.0 0.0 0.0
0.0 0.0 0.7431652578117681 4.013919507780919 5.650712424766635 10.263392319247007 10.266373242038691 6.101794474340682 12.358118912672959 7.596360710664922 10.429102196935512 14.308874833251851 11.182192728371614 11.486074866432874 9.848428437999727 5.374586251044252 14.932809700368972 14.639682293030948 7.919837625881349 11.511697381314693 10.917903795991 13.31501403863805 9.278496150338345 8.982427776503918 8.990520501544431 12.293975513901051 12.297452482240896 14.251535679038874 9.152878979613249 11.10850628739881 14.564075648259463 3.304794128478121 11.56772927079405 9.61639275679666 9.919919303979908 9.169325917701308 12.027579930975184 7.5182756006313145 9.924071312640667 9.022899498408867 0.0 0.0 0.0 0.0 0.0 0.0 0.0 0.0 0.0 0.0 0.0 0.0 0.0 0.0 0.0 0.0 0.0 0.0
0.0 0.0 0.0 0.0 0.0 0.0 0.14876704976023078 5.950493611671474 14.136580740039623 4.019685612374462 11.466676750977499 12.661229033631262 12.665831457713823 9.540145261996644 12.823947018618368 11.933558981750457 14.475416606253425 14.928504316280717 13.141633069221779 11.204461865977317 11.059814501438685 13.904575587110548 14.9564981101586 12.41906997166363 13.919405811956576 4.641184918093101 11.38547824439484 10.342388074178007 7.496996263593952 9.299450658221346 11.702200593639251 4.2016400379265155 12.008821948061446 11.111044311707134 12.314790517990282 14.420161846970672 11.868290524631897 11.118718969294793 7.213853300225941 6.161631916159678 0.0 0.0 0.0 0.0 0.0 0.0 0.0 0.0 0.0 0.0 0.0 0.0 0.0 0.0 0.0 0.0 0.0 0.0
0.0 0.0 0.0 0.0 0.0 0.0 0.0 2.9738436972093707 11.451574325133425 0.29756373135890535 10.268922066153186 8.187115656103416 4.765683327712498 14.598750812913845 13.114134319301565 12.22375867599393 10.885556635812625 9.398006603260535 12.237976591710968 14.779899795747179 2.09139823724044 12.549950055848248 13.6004144195857 2.541866765087911 12.862690649279763 12.568206864942802 14.518362792174026 11.229182449985906 4.344373862551474 11.240000105465992 8.845593730701477 9.74752638586707 14.999923943692021 14.253269039308119 7.2029730557308564 6.454772669978456 5.705214308027346 0.9010409730748898 0.0 0.0 0.0 0.0 0.0 0.0 0.0 0.0 0.0 0.0 0.0 0.0 0.0 0.0 0.0 0.0 0.0 0.0 0.0 0.0
0.0 0.0 0.0 0.0 0.0 8.612455439405611 0.1484961086390834 0.44592452880818834 6.242847669970546 4.3108582784902545 8.923135885773604 13.239722209004338 6.399586699697816 14.886514911206735 12.955058172264652 11.172755568624659 11.028143063587095 13.565492467257142 12.973837833369535 14.61977048333579 11.191899160021409 14.63055940109318 13.740087394263105 11.653768640802591 14.198160613794583 13.904396912118088 12.26315383466454 10.62180387002316 13.169865293304914 13.475312322741662 10.18623327088344 6.894135651578974 14.538513482131924 13.49206116163902 5.998836213123445 2.6999679147198976 0.0 0.0 0.0 0.0 0.0 0.0 0.0 0.0 0.0 0.0 0.0 0.0 0.0 0.0 0.0 0.0 0.0 0.0 0.0 0.0 0.0 0.0
0.0 0.0 0.0 0.0 3.2640743182426055 9.203030058783497 0.2968775801515181 0.0 2.0794490096033176 6.23938910466609 9.809449438858802 13.528631855506722 13.383468323745996 14.875885500965596 14.137089489199655 14.736986508557626 11.912512350264278 10.428306377144033 14.007732964777288 14.460021869394286 11.631312167064587 12.23350779075431 10.594415461442928 7.911962400228349 14.336709469380159 14.93916716944257 14.944321560521985 14.201884699905985 8.374825248263232 10.621410239980166 8.678113169055946 5.238021117230996 8.684513866637179 10.632493732735211 0.0 0.0 0.0 0.0 0.0 0.0 0.0 0.0 0.0 0.0 0.0 0.0 0.0 0.0 0.0 0.0 0.0 0.0 0.0 0.0 0.0 0.0 0.0 0.0
3.704180614129754 3.112044159711338 0.0 6.078337846552378 8.748802704417427 5.190706858589724 3.7083348402443876 1.0384509035986098 0.742435980292967 9.206190171925169 8.910165356566926 13.369815261246377 14.563034359119815 11.148862398391056 11.002654678861859 1.4876122239304355 11.606609285841953 14.884856798238902 10.273159493157552 11.618419871884376 14.751785005532886 14.309856419479086 14.314947646937513 12.978135499915437 11.937827873631944 7.613049157859273 9.706853363304797 12.39874339047049 8.217175166153599 6.427343050622452 1.3458299498270478 2.9912714923728023 14.062164462664295 8.529717699876981 0.0 0.0 0.0 0.0 0.0 0.0 0.0 0.0 0.0 0.0 0.0 0.0 0.0 0.0 0.0 0.0 0.0 0.0 0.0 0.0 0.0 0.0 0.0 0.0
10.369084112039157 7.703510805625105 6.370709942140299 12.596026881325585 14.672588404020846 13.933788926377144 14.826269266709446 11.417973222516935 4.449265599339706 2.522070155103929 4.7499389187682475 7.273826638543664 10.690810686420368 10.694488090963379 9.806724350083392 3.715314082491083 10.109980537634021 12.79130202382876 11.754818429268052 14.883459827071567 11.0167095187221 14.74512925051604 5.513160406308888 2.533971827683498 1.7890590325755957 4.17741578003457 7.907991452792253 0.5972798637290467 14.333188196763349 4.480218239479515 0.2987122735315443 1.7926373744387325 11.809130282158561 0.747753302766611 0.0 0.0 0.0 0.0 0.0 0.0 0.0 0.0 0.0 0.0 0.0 0.0 0.0 0.0 0.0 0.0 0.0 0.0 0.0 0.0 0.0 0.0 0.0 0.0
4.14578838968954 4.293071821997726 3.553948864844279 5.330946059163961 11.8490638855397 13.332252399043947 10.224046042470865 9.927436249036056 10.523257405691508 9.783326653685217 7.26568341773946 14.387965454120181 14.391674970513847 10.2400729076158 12.174273505291342 9.059541439720427 2.971970712202509 0.0 0.8923610266175451 7.882610484547257 7.588039199888527 1.9352200246183484 0.0 0.0 0.0 0.0 0.0 0.0 4.476323383026035 0.4478680240332652 5.822710363014059 8.51209673589716 4.331974449935548 0.0 0.0 0.0 0.0 0.0 0.0 0.0 0.0 0.0 0.0 0.0 0.0 0.0 0.0 0.0 0.0 0.0 0.0 0.0 0.0 0.0 0.0 0.0 0.0 0.0
0.44397819081921375 9.91510118954023 4.587486136969626 8.879354262838735 12.877204984392735 9.769178004294861 8.882119603329022 9.921200508572355 9.775235663832518 10.51725321067997 6.518921304084341 9.48490763114376 12.156738112324414 10.52852801883816 6.082875289735982 7.419596869870074 0.0 0.0 0.0 0.0 0.0 0.0 0.0 0.0 0.0 0.0 0.0 0.0 0.0 0.0 0.0 0.0 0.0 0.0 0.0 0.0 0.0 0.0 0.0 0.0 0.0 0.0 0.0 0.0 0.0 0.0 0.0 0.0 0.0 0.0 0.0 0.0 0.0 0.0 0.0 0.0 0.0 0.0
6.654389552358148 7.837596721758665 4.4360861195150445 4.733261152721902 6.950867115852439 12.27701682278733 8.284780531106236 4.586613283966338 9.322406041298859 11.396231291499841 9.031474091748072 5.92389414424697 8.147668639005378 7.111832366312578 3.705451944398112 6.82048244355272 0.0 0.0 0.0 0.0 0.0 0.0 0.0 0.0 0.0 0.0 0.0 0.0 0.0 0.0 0.0 0.0 0.0 0.0 0.0 0.0 0.0 0.0 0.0 0.0 0.0 0.0 0.0 0.0 0.0 0.0 0.0 0.0 0.0 0.0 0.0 0.0 0.0 0.0 0.0 0.0 0.0 0.0
9.459220039574056 12.265254800010565 10.787148128158151 2.069027371653866 3.84216723104528 11.527178069649308 9.903621629745844 11.382735071897397 12.41961559942941 14.196187915161598 12.720236944945418 13.610628065921972 0.29605139347175485 0.0 0.0 0.0 0.0 0.0 0.0 0.0 0.0 0.0 0.0 0.0 0.0 0.0 0.0 0.0 0.0 0.0 0.0 0.0 0.0 0.0 0.0 0.0 0.0 0.0 0.0 0.0 0.0 0.0 0.0 0.0 0.0 0.0 0.0 0.0 0.0 0.0 0.0 0.0 0.0 0.0 0.0 0.0 0.0 0.0
5.463545071545458 14.767410271068268 14.766380990207303 3.248097685790701 0.7383515688795492 13.437856751075808 6.49854822595241 10.487038058941184 10.48864048375022 13.740535024993001 9.752034465659646 11.234508023563063 0.0 0.0 0.0 0.0 0.0 0.0 0.0 0.0 0.0 0.0 0.0 0.0 0.0 0.0 0.0 0.0 0.0 0.0 0.0 0.0 0.0 0.0 0.0 0.0 0.0 0.0 0.0 0.0 0.0 0.0 0.0 0.0 0.0 0.0 0.0 0.0 0.0 0.0 0.0 0.0 0.0 0.0 0.0 0.0 0.0 0.0
