agricultural_afforestation/data/CPV_1km.txt
nrows     203.0
ncols     198.0
xllcorner     857533.25
yllcorner     4281682.625
cellsize     1000.0
NODATA_value     -9999.0
[rows 108 to 134 of 203, columns 60 to 119 of 198]
0.0 0.0 0.0 0.0 0.0 0.0 6.1216876744 10.270640844946 7.085617890475999 1.206704855724 5.782024136845999 8.215762637448 0.0 0.0 0.8152608932000001 9.936197281692 9.822419744992 6.698121572726 1.095572681334 0.0 0.0 0.0 2.34068682938 6.057301182606 6.610624329824 7.57685034221 12.400907077966 11.027115747933998 10.204957475796 4.275931502772 11.728522984809999 12.007462093494 7.5924400208780005 7.457410168341999 9.254437719518 7.047181926284 8.706280432936001 13.131215307608 13.825140081312 10.647307332886003 6.084925640908001 5.255739756556 12.995786386406 7.458758985368 6.631166786964 13.817348418156 13.819118215825998 11.332749242685999 12.716702003448 12.026896250232 13.410778091700001 11.061250893808 5.116886280660001 9.957485588188002 5.808680187654 5.118344722614 7.193207495008001 13.141897469101998 9.54603286443 11.345293451388
0.0 0.0 0.0 0.0 0.0 0.0 3.196032382566 3.870423378004 1.0719153931 4.965911168450001 7.669790216426 1.212482994336 0.0 0.0 3.400011348476 10.081184898662002 3.821403786574 3.5582393679499997 3.016344723954 5.9043283384939995 0.0 4.817857885533999 12.808779243911998 12.403024931956002 8.544618213726 10.615562566909999 9.929879827821999 4.001610634108 6.211408999328 11.320519233384 13.394873401264002 7.043489897568 4.972898401522 1.6578882486320001 1.381823300752 4.285308508544 1.65893537419 11.894847534914 12.173383047513997 8.024508600144 0.0 2.7635566994379994 8.015748891146 0.552691302404 5.528661179239999 11.334523323422001 11.197133152724 7.051546637818 11.891658476708 8.573973623278 12.447629293843999 11.204239845492 0.968421552742 11.898085160419999 9.962214601178001 13.560549984522 13.146546596805997 10.241444828844003 10.518559809982 9.826607217458
0.0 0.0 0.0 0.0 0.0 0.0 0.0 0.0 2.413417522702 5.64087334448 7.8106744505700005 1.2138977202999999 0.9485558722880001 5.429861318098 12.513459507750001 8.315884191449998 11.336873851825999 3.148962186616 8.77673478815 9.750686872466 5.226482527562 8.534421790652 4.685075418236 9.512562518793999 13.514734339122 12.417188921835997 8.142343834765999 2.7611228648819997 9.529887968368001 10.638838859579998 11.19312852299 8.432537501237997 9.95589188205 0.138287429436 0.0 0.0 2.9054006732539994 4.981950420120001 5.952158524488 7.886974935876001 5.113458234848 9.121920339335999 11.887802452155999 1.7974353221459998 10.50769041144 12.168049904004 3.042383473582 4.425509325666001 10.789255286746 11.897236778714001 13.835712683259999 10.515952431759999 2.7678585807859997 5.397257413152 9.966061242714 10.52002924021 10.244523839787998 13.844969413483998 5.814969814852001 4.015465327782
0.0 0.0 0.0 0.0 0.0 0.0 0.0 0.6699038754960001 5.233366002792 4.30623055725 11.191090949308 8.512136921612 11.380332814098 6.7886181557139995 10.205985825007998 1.6361818111420001 6.69466259891 7.259598187464 9.602724354434 2.7481394532859995 10.043523882456 13.497134964602 13.097025866685998 12.276549128028 13.799927491512 13.805967917643999 9.11441529879 7.460006905868 9.12124084772 11.059949573876002 10.372414789443999 10.374942766848 11.345772747518 9.964078529488 0.276849672936 8.998805554826001 11.076486415691999 3.319986968952 10.645718468434001 10.505011449411997 10.783109083084002 4.562728185264 13.274896563076002 6.914772198798 13.831317786982002 7.60740467744 4.012095983058 3.182237322802 3.874124227536 5.535262136532 11.764596995491999 3.73720666233 1.799528749936 1.246056777688 7.892089447862 0.692425003198 5.816153642474 12.60393071499 2.2161054714879995 0.0
0.0 0.0 0.0 6.099102285184 6.243325098472001 9.323300671433998 4.1390843823440004 6.701136822005999 9.533536613574 11.981837775976 11.468370808488 5.27303590446 9.492028417979999 9.103058830718 12.256246188694002 7.37102946748 13.674549879342 13.699872018764001 13.722995699905999 13.606266766847998 13.761981184794001 12.262171263504001 6.206039858669999 3.7255709828460004 12.289682733284 13.814961387195998 8.844961247939999 9.539800476483999 6.224343112590001 7.4713592463 5.25859550993 3.5991497998879995 9.41425270867 5.815558079712 5.678674832725999 5.124928055622 5.6724522231000005 5.25237428605 8.019021604959999 6.360895437703999 12.999717690590002 9.820199015424 11.204371862024 7.747565874879999 13.006149803716001 5.535260931809999 6.919711757741999 12.456773010478 8.859230884394 7.475531476985999 10.10709144633 11.770421243276003 5.2620808055240005 0.138481697862 0.0 0.0 0.0 1.801104269752 4.9889553524500005 1.940459701146
0.0 0.0 0.7950421886279999 5.305992327004 12.235320377775999 13.331511683532 10.962980660213999 4.826181542669999 7.393194698248 8.08543357313 3.1059329519219996 0.0 4.207395785868 7.070895975174 8.173420802932 12.699743807448 13.681115650250002 13.705670825918 13.728243000116 13.748686627918 13.215962895648001 1.9290247016039999 6.900480246327999 1.518645507432 6.079764298220001 4.83711595862 1.9355137962239999 4.150209771848 1.9370869268820001 5.9513069862179995 10.246395123462 13.018507031783999 11.912848838246001 1.246985453684 4.424850978006 5.529929064956 0.138277918532 7.053092844824 12.309749833442 7.884328164962 12.312535649696 9.131835021128 8.718074337352 8.165540996836 13.702955748028 11.62848543228 6.6454940384859995 9.830306593188 1.246312652142 5.263156839952 2.493301948178 4.8481234660879995 0.0 0.0 0.0 0.0 0.0 0.0 0.6930604606099999 3.742791252228
0.0 0.0 2.119939299396 3.186426563096 6.391499712745999 12.410573260676 11.242698856624001 8.724395256308 11.570370658878 5.121495869146 0.539991783416 0.0 0.0 1.4979071133619999 12.408142491591999 13.252677567772 13.687689739254 13.711611436974 13.733717210162002 13.753899743332 13.220871861878 2.067295382502 2.071351339934 2.9007461435720003 0.0 0.0 0.0 10.382125781575999 4.56936431644 2.908964835188 5.680403079666001 8.176182813294002 12.196354202199998 6.0976149295879996 6.500010058301999 7.745636617188 3.59698382289 7.747332158654 3.182047455352 0.27670194173999996 0.0 0.0 4.844810986762 3.876552892714 13.707659383064001 10.385383806594 5.95481194835 8.58745814661 9.835094229504001 7.065694337955999 3.186565513538 0.415643594742 0.0 0.0 5.684197245781999 1.109129068234 0.0 0.0 0.0 0.0
0.0 0.927166412896 2.9177460607499994 2.924071951236 5.063929881149999 5.20702099476 5.091311667897999 0.53693232544 2.154088615254 0.0 0.0 0.0 0.0 0.0 11.461855029672002 13.669391006372 13.694332658078002 13.717717589472 13.739417214792 13.759346724031998 8.265441891978 1.1044604615059999 1.1052074531699998 0.0 0.0 0.0 6.784567195150001 7.47837563223 6.095874982633999 5.265623443046 3.326802443804 11.23023109665 4.021814512494 8.736223252574 6.5027485836959995 9.409080067928 2.906072207308 1.3838534806699998 11.488935562688003 4.4300482464519995 10.522220548182 4.292784940902 5.677796450610001 10.525217366442 12.465673267005998 7.480245111906 8.035277153128 3.6025508474240002 7.2057948326 8.592494544368 6.098805569244 4.574628314673999 0.0 0.0 6.934136635239999 0.0 0.0 0.0 0.0 0.0
0.793844482034 1.986158597304 1.860278244612 5.989371300219999 7.07449118505 0.534381148862 0.0 0.0 0.0 0.0 0.0 0.0 0.0 0.0 9.012134831788 12.308958247222 8.49418646334 12.351894959955999 13.745337585554001 13.765022959976 9.92251089083 9.391341564753999 7.601151137774 0.0 0.0 3.60052876044 13.575273526401999 6.096933018958 0.970524984772 5.546835816862 8.321259129858 8.462143494522 13.458046547072001 10.405036430302001 3.3218568619499997 5.121905388822 3.7377829456060003 0.69232703388 7.062097703966 1.6618549891360002 3.323977354698 8.172212819203999 6.37201117324 9.004796733976 8.174301374422 8.314065172236 1.6628941192439999 1.3858008941620001 0.9702516106500001 1.8020293955979998 8.180189931274 4.29846471951 0.0 0.0 8.32432915119 0.0 0.0 0.0 0.0 0.0
1.32222853901 2.519093869326 0.0 0.7999855766599999 1.2008458919159999 0.0 0.0 0.0 0.0 0.0 0.0 0.0 0.0 0.0 1.7763106824619999 3.148819653294 8.771567282322 6.45352528265 11.550300092550001 6.609176707914 10.070379296626003 12.990510717472 5.668770038353999 0.0 0.0 0.27707118355000004 0.6927846409959999 0.0 0.277481550536 7.4915827656500005 3.746795120944 1.665335670562 4.441590407176 5.1360449970260005 0.0 0.0 0.0 5.817439404766 12.883156303528 6.234001870018 0.0 0.138535910294 4.572941338990001 6.651698019034 0.0 7.20764320998 3.8816980284459994 0.0 0.0 0.0 0.0 0.0 0.0 0.0 8.049811123412 3.331025814642 0.0 0.0 0.0 0.0
11.518909071272 4.512110525304 0.531638130542 0.0 0.0 0.0 0.0 0.0 0.0 0.0 0.0 0.0 0.0 1.7755331439620001 6.8348968806979995 9.586051980339999 8.776084176002001 3.435902529184 8.255456710094 1.6529149843 2.76345568043 8.019431324674 4.703617348898 0.13852401147399998 2.078094595534 0.0 0.0 0.0 2.6365948997500004 0.693802888952 7.35824948098 11.525300101788 11.248716054764001 0.0 0.27716218650400004 4.295880679163999 2.07874483362 7.760534056736 6.929221100144 3.7421944159279996 1.1088794284580001 8.73229512296 5.267056612092 3.604301218884 9.982114513760003 9.982421953830002 12.618608590502 8.737292123832 0.0 0.0 0.0 0.0 0.0 0.0 5.137104705342 6.249167361894 3.4725358044 2.917391034696 0.0 5.6972191671
11.793061288626001 2.521898595562 0.0 0.0 0.0 0.0 0.0 0.0 0.0 0.0 0.0 0.0 2.454583156966 9.150545247628 3.966602857968 13.704733785356 13.726466102567997 10.446480911598002 11.289399564155998 7.027564039684 2.7655658303579997 8.99198357373 5.675993440297999 2.493626292262 7.345201236514 0.0 0.0 2.637050504994 3.8866083118339994 0.0 10.132150289755998 3.055396352456 11.229760768103999 1.52465505256 4.15797106678 13.583989726536002 10.39701534504 2.633694105652 12.614996313908 11.783400159358 3.326987220644 8.179678339498 4.298423832648 11.231482675139999 10.53883241537 6.1022062781779995 6.103192333262 11.513658995975998 6.5207712286540005 0.0 0.0 0.0 0.0 0.0 1.944543647704 5.278607358925999 9.725305956214 7.2257901166859995 5.976674169967999 11.814476489001999
11.803101808731999 0.0 0.0 0.0 0.0 0.0 0.0 0.0 0.0 0.0 3.39822676216 2.7214558235620006 7.640522931235999 4.233479183788 0.27394799907199996 8.365110975298 13.734717675809998 13.755630095517999 11.433154748161998 9.517016043459998 0.414919880962 3.3214899204799995 2.7700110515359997 7.761199259678 2.2188567478200003 0.416230179382 0.0 0.0 0.0 0.0 2.6336701323459994 0.138609030526 0.8317444790099999 0.13862293069599999 1.2477341627060001 5.5455312409560005 2.6343393864759994 1.2481896545459998 8.597605598782 0.27738348257799994 4.438067464778001 6.933804046932 7.627593924589999 5.547467230014 9.84810996993 10.265210522066 2.774938689982 0.83257354485 0.41628344507799997 0.0 0.0 0.0 0.0 0.0 0.0 6.809317643496 3.891761929828 4.031862059273999 3.3369309251179997 5.00613969584
5.969712380728 0.0 0.0 0.0 0.0 0.0 0.0 0.0 0.0 0.9505461365019998 11.011402405062 11.03372730469 6.962046366488 8.885672734429999 6.575656512994001 4.115935165544 11.40741756356 11.422393026252 9.510102865766 6.900056314548001 7.323555817895999 8.859706894125999 8.17543726747 6.655006426222001 4.159573262104001 7.903338158298 5.1306951260260005 0.0 0.0 0.0 0.0 0.0 0.0 0.0 0.0 0.0 0.0 0.0 0.0 3.329122308004 13.871412580588 3.8839913979339995 0.8323206660359999 6.381510702976 11.098740288498 9.434815776342 7.354651930422 4.58014302295 0.138811438536 0.0 0.0 0.0 0.0 0.833853982798 0.0 4.17021890348 0.41713474763999997 9.31751746393 4.311744534332 8.347223250994
0.0 0.0 0.0 0.0 0.0 0.0 0.0 0.0 0.0 0.9506165894240001 4.624740764079999 9.949872922785998 3.8219672807640004 4.926070453435999 12.060336103318 13.727829027204002 11.136027766628 8.535488649256 0.826747230986 9.251691499220001 12.714231787660001 1.7976187246139999 0.277350250234 12.756990692475998 10.818208532812 5.132337089142 9.989368355898 1.665439809978 0.0 0.0 0.0 0.0 0.0 0.0 0.0 0.0 0.0 0.0 0.0 2.77474401393 13.8742123134 8.879582637194 2.4973098678039998 5.272467803626 3.052691294164 7.9103358111299995 6.939253362652 4.8582096652 3.748380899322 0.0 0.0 2.778663881728 0.0 7.228122290485999 10.148864662722 5.145922527628 6.259355395326 7.374115534654001 4.174561504112 4.4533031464179995
0.0 0.0 0.0 0.0 0.0 0.0 0.0 0.0 0.0 0.9517423829 7.487711866318 11.319044742526 4.098872260109999 10.6792370819 5.347702973604 8.788539804342 4.40229470409 0.137709946842 4.829383627842001 2.7615987565599998 10.091883264057998 0.13833739138999998 0.0 4.300326825116 9.991842726096001 9.438944769756 4.720107846148 11.385415712430001 5.554883822872 0.0 0.0 0.0 0.0 0.0 0.0 0.0 0.0 0.0 0.0 5.828271521046 4.8565858763 0.138760871574 0.0 10.824260384196 11.657535007099998 13.046522330938002 3.4703601245159996 0.0 0.0 0.694524806912 0.0 12.923575546926003 5.42112088944 9.315949855546 11.542928310866001 3.060449615276 8.90544484312 11.552530675767999 10.162527235388 1.94907952084
0.0 0.0 0.0 0.0 0.0 0.0 0.0 0.0 0.0 0.0 5.722453578796 12.419502412002 7.929665304589999 8.218703362304 10.978234888689999 10.453824536009996 9.365319897818 6.342274516254 8.696163080196001 8.982329274680001 4.839407745126 8.998346961460001 8.035245677466 0.41642002007 12.914043028144 9.860999408374001 11.947077645398 9.587157666618001 7.919351504339999 0.0 0.0 0.0 0.0 0.0 0.0 0.0 0.0 0.0 0.0 10.548379622806 11.519109326751998 1.2489980774399998 0.138775721086 10.26982386784 6.939615689307999 7.078996383883999 7.3574943132240005 0.13885612908 0.0 4.584238345122 9.726745904537998 13.899234879518 13.903419135938 13.907606931588 13.772561469966 4.174587507934 5.1512184759799995 13.92373448465 13.926652278506 3.06442595717
0.0 0.0 0.0 0.0 0.0 0.0 0.0 0.0 0.0 0.0 3.6810654263759996 10.104424098548 2.05101730333 9.048812954672 12.505053424308 6.743253510326 6.3377820271220004 0.137992799806 6.491140824076001 12.994911395186 10.793181502976 5.816893294902 2.634016551522 4.71576638326 7.36277315041 8.61601451256 13.760940017266002 2.501767103934 0.0 0.0 0.0 0.0 0.0 0.0 0.0 0.0 0.0 0.0 0.0 0.8328307898160001 1.665603399936 4.16382230541 11.657721331358003 7.077798787886 4.857739546938 7.079062593405999 7.080360699996 5.415284899842 0.694550455426 9.586552135825999 13.758415939113997 13.901950397615998 13.906690650976 13.911432312248001 13.916035007136001 6.959697361163999 9.469283219242 12.118280590249999 13.932463132214002 10.730115927074001
0.0 0.0 0.0 0.0 0.0 0.0 0.0 0.0 0.0 0.0 0.0 1.093909546906 9.035769280127997 5.63050257243 8.938213183413998 11.703209012926003 4.824029050236 2.7605894122740002 5.94228214601 5.392695333692 2.631001323652 10.670814902697996 7.4889055853999995 0.0 0.0 2.9201813789 13.908299083873997 1.8085177252859999 0.0 0.0 0.0 0.0 0.0 0.0 0.0 0.0 0.0 0.0 0.0 0.0 0.0 7.911422574318 7.4945755766560005 0.9714889356319999 0.0 3.74771940833 5.55307885018 7.776128084174 12.639921817860001 13.199414194334 12.370275751946 13.765251968389999 13.90970366954 13.915089781604001 13.920478058492002 12.672495776276 6.965265189754 3.0659092575700004 9.895722336874 5.575977235224
0.0 0.0 0.0 0.0 0.0 0.0 0.0 0.0 0.0 0.0 0.0 0.0 2.3325568025239996 7.144057187182 5.77799693901 0.68833166109 4.5531014509859995 8.560293221068001 0.0 0.0 1.9396349658179999 4.436480956814 1.803122391544 0.0 0.0 0.0 1.530421280312 0.139143141954 0.0 0.0 0.0 0.0 0.0 0.0 0.0 0.0 0.0 0.0 0.0 0.0 0.0 0.0 0.0 0.0 0.0 0.0 7.912713115860001 3.471288063862 10.278356849342 2.9175765075999998 0.6950795244700001 0.55621910551 8.347880267199999 13.361696131848 11.000137552247999 12.258538831628 12.960252377371999 8.22451280692 8.785060955810001 4.602487444988
0.0 0.0 0.0 0.0 0.0 0.0 0.0 0.0 0.0 0.0 0.0 0.0 0.549260432124 5.635234299606 2.339021705204 0.0 3.727683314722 10.362398032086 2.4894642662420003 0.0 0.0 0.0 0.0 0.0 0.0 0.0 0.0 0.0 0.0 0.0 0.0 0.0 0.0 0.0 0.0 0.0 0.0 0.0 0.0 0.0 0.0 0.0 0.0 0.0 0.0 0.0 0.0 4.44288446719 3.750105976516 4.029126956914 7.924121753396 1.390627911424 1.5308842951100001 0.6959383684880001 0.0 0.41818623503799995 5.436832687582 12.412042028175998 6.835686912622 13.534993398076
0.0 0.0 0.0 0.0 0.0 0.0 0.0 1.35744647957 0.0 0.0 0.0 0.0 0.0 0.0 2.0659384792520004 2.068755749084 2.485574894216 10.505901904545999 4.564888254624 0.0 0.0 0.0 0.0 0.0 0.0 0.0 0.0 0.0 0.0 0.0 0.0 0.0 0.0 0.0 0.0 0.0 0.0 0.0 0.0 0.0 0.0 0.0 0.0 0.0 0.0 0.0 0.0 0.0 2.2222224998339994 12.782432177484003 11.676550094277998 7.650467920686 7.515013212572001 0.0 0.0 6.133963949288 4.462949289908 8.51056213855 2.791545435374 7.6779155928
0.0 0.0 0.0 0.0 0.0 0.0 0.0 1.630897943792 0.0 0.0 0.0 0.0 0.0 0.9639569222859998 9.508199373364 8.279337231496 0.828624500816 0.13833866229 0.27672103748800003 0.0 0.0 0.0 0.0 0.0 0.0 0.0 0.0 0.0 0.0 0.0 0.0 0.0 0.0 0.0 0.0 0.0 0.0 0.0 0.0 0.0 0.0 0.0 0.0 0.0 0.0 0.0 0.0 1.804437258504 11.663636795022 11.113537237418 5.421457394122 2.3646756731319996 4.175678185712 0.0 1.5335400924759999 12.132429113678002 6.278263674076 6.839357463408 9.076739962533997 8.519678072318
0.0 0.0 0.0 0.403981552932 0.0 0.0 0.0 0.0 0.272819947864 0.0 0.0 0.0 0.0 0.0 2.20580745444 1.794646671802 0.966990825458 0.0 0.0 0.0 0.0 0.0 0.0 0.0 0.0 0.5571677725919999 0.0 0.0 0.0 0.0 0.0 0.0 0.0 0.0 0.0 0.0 0.0 0.0 0.0 0.0 0.0 0.0 0.0 0.0 0.0 0.0 0.0 0.0 0.138867747038 0.277760386656 0.0 4.312042007958 8.491659474752 0.0 8.783883320246002 12.973359186131999 1.3955660253039999 10.055416775933999 5.86717349561 2.9346481118559993
0.0 0.0 0.0 0.0 0.0 0.0 1.7665914672559997 0.0 0.0 0.0 0.0 0.0 0.0 0.0 0.0 0.0 0.0 0.0 0.0 0.0 0.0 2.084288288836 0.9731186406000001 1.669502064028 5.569945634295999 9.612604339124003 0.139375205984 0.0 4.885681009753999 0.0 0.0 0.0 0.0 0.0 0.0 0.0 0.0 0.0 0.0 0.0 0.0 0.0 0.0 0.0 0.0 0.0 0.0 0.0 0.0 0.0 0.0 0.41732823793599994 7.657603639942 5.852272789256 12.969029806934001 13.955078637362003 4.607287008296 6.846937619699999 12.160229784050001 6.989929573377999
0.0 0.0 0.0 0.0 0.0 0.40736252793999994 5.848424311618 1.3648545920179997 0.0 0.0 3.8428690892520003 2.0599584267 0.0 0.0 0.0 0.0 0.0 0.0 0.0 0.0 0.0 2.501509079428 11.679319799378 12.383111509510002 6.96110806922 0.13936529627799998 4.043137273388 6.415430744562 1.9535530132560002 0.139568760118 0.0 0.0 0.0 0.0 0.0 0.0 0.0 0.0 0.0 0.0 0.0 0.0 0.0 0.0 0.0 0.0 0.0 0.0 0.0 0.0 0.0 2.226286310606 11.278200757444 4.319390346984 1.11603646435 1.3957290925919998 3.074278376848 10.762873040275998 9.369602517848 8.672754376742002
0.0 0.0 0.0 0.0 0.0 0.271672851904 8.033442049356 6.824008714742 0.273153481884 3.56082321468 3.157290424798 2.8849289783800005 0.0 0.0 0.0 0.0 0.0 0.0 0.0 0.0 0.0 0.0 1.9471216256500004 6.817253264644 5.846815495107999 0.0 0.0 2.510131610334 0.0 0.0 0.0 0.0 0.0 0.0 0.0 0.0 0.0 0.0 0.0 0.0 0.0 0.0 0.0 0.0 0.0 0.0 0.0 0.0 0.0 0.0 0.0 8.903989955134 13.924027914944 7.80358492112 0.0 3.212926511844 9.923966469871997 4.05510108887 1.678809722584 1.8190460494199998
