agricultural_afforestation/data/CPV_1km.txt
nrows     203.0
ncols     198.0
xllcorner     857533.25
yllcorner     4281682.625
cellsize     1000.0
NODATA_value     -9999.0
[rows 162 to 188 of 203, columns 60 to 119 of 198]
0.0 0.0 0.0 0.0 0.0 0.0 1.092190234974 1.093107746986 8.200135131982002 1.778327810402 4.242037733756 2.738071540592 0.0 5.48240141625 0.274216713128 0.0 2.6073954625600004 0.0 0.0 0.0 0.0 0.96184619151 2.610455605354 7.420954920394001 8.65842005053 10.858335348488 6.048129466656 0.13744835738 9.210244916494 10.172121361056 0.962275535476 8.380832319924002 2.335291426574 0.0 0.0 0.0 0.0 3.158568300842 8.650932622094 4.805895715002 8.787254214085998 10.709125566869998 4.118819003544 12.082312751480002 9.748891903698 9.337732636802 9.47625752933 4.944947406157999 9.754242623782002 6.596014796365999 10.033937518204 9.486712783778 6.87668276556 10.455075106281999 4.678616502574 2.7533660058220004 13.223374372632 12.678142947578 13.784991985737998 8.273313205962001
0.0 0.0 0.0 0.0 0.0 0.0 4.505433974722 6.145927251042 7.653320204381999 0.0 7.662498914452 8.897460716036 1.7800180986340002 0.274060168186 0.0 0.0 0.0 0.0 0.0 0.0 0.137266946252 2.059733875124 6.729358410038 7.142745621462 11.813993144478 7.006375327114 10.167803074462 0.0 9.618236822095998 10.579660283522 4.121574941452 0.13736205723 2.747059871654 0.0 2.883550710446 0.0 1.235690506318 11.533098119745999 7.276736740894 8.649063026057998 11.531561431494003 9.884157193092 12.767160240102001 13.728673541842001 10.434382131036 7.277330004284 10.711455436292 10.987737113746 8.242193555021998 0.54960850742 9.208063229484003 12.234379838307998 7.1496874305919995 6.739458337867999 5.502823272236 3.99053171546 8.67239427896 5.786283986294 6.61543349396 10.33924385178
0.0 0.0 0.0 0.0 0.0 0.0 1.228904689 6.282940193608001 4.09990412367 0.0 0.0 4.790571866018 3.833653294506 5.752394385805999 3.6992072046180002 1.644492378804 1.78231888484 5.347865498327999 1.508611799218 0.0 5.763698858304 3.8429683267559995 8.785570444060001 5.07983515764 13.594404580626001 5.90535306289 3.9827634776900003 0.0 8.515923824588 13.735148333396 7.691574177986 0.0 0.0 0.0 0.6865122819499999 0.0 0.0 3.294526744796 5.902322498692 10.980975640774 13.72620004255 8.921925980611999 12.491195774928002 6.451883334372001 6.314980838918 13.729590664098003 11.396949701956 9.063988293861998 6.867607976474 7.28146238009 3.9848912689720004 8.247099518066001 7.14893932288 11.00118188283 13.755016107317998 13.758636531708 12.523520496955998 12.6695636337 5.5110782827580005 13.644276854352
0.0 0.0 0.0 0.0 0.0 0.0 3.822820353482 5.326654719792 0.0 0.0 0.0 4.789132349364 3.8332695717280005 2.738871788814 3.698614496872 6.850747337826 6.715795334559999 9.596559948204 1.233948389874 5.4857063604639995 6.447436592568 12.073190916196003 8.64508802093 9.88150297602 13.314304008224001 7.549853629026 2.196786572628 0.0 10.70946417184 9.611524437794 8.649664253912004 2.059126789004 0.0 0.0 0.0 0.0 0.0 0.0 1.372496960232 5.764227704812 9.332560864062001 12.76378383571 12.627030268989998 7.960829953976 11.530409782576001 13.7281782809 8.375205333110001 10.436070557068 7.004365364942001 11.126548824069998 5.770213482062001 9.757110517280001 5.773124665217999 8.386625431289998 6.876390607625999 12.655178578624 12.520909242457998 13.763134088460001 6.4736474250119995 11.436578368328002
0.0 0.0 0.0 0.0 0.0 0.0 0.682643181276 6.146393015261999 0.0 0.0 0.0 5.4721982443320005 0.0 9.172563157214 3.8343879124319997 11.506423272794 10.686859138472 1.7815038326200001 6.030920716390001 9.732873767904001 7.952728073716 9.737420325200002 10.836517280584001 12.758806644738002 11.525604341329998 5.07782983479 0.0 1.097914121386 11.529331178704 8.646809240537998 13.313635989267999 6.72535738242 0.0 0.0 0.0 0.0 0.0 0.0 4.665333530697999 7.547222601192 6.723880249054001 1.9210837016179998 7.1361318694880005 9.744244344845999 10.980108534782 8.510664238298 13.72832274073 12.220009185732 13.732458244672003 11.949440101677999 12.913280133086 8.793636389466 9.620383264944 10.447125832218003 12.924591793013999 10.864380758384 8.528739886736 7.842935329922001 13.7665744145 9.229246042798
0.0 0.0 0.0 0.0 0.0 0.0 0.0 3.414814084818 3.14254793536 3.417353089398 0.0 4.5144862539399995 7.7996241409680005 4.106413725962 7.393413560844 12.187990319922 0.9588327628960001 7.808562308426 9.727753908040002 10.277606501829998 10.142370838818001 5.620876135112001 6.306967768030001 7.816696694728 9.738267613088 2.7432010515 0.0 2.881397694704 10.016465986245999 11.66272928677 8.232717228957998 9.46708240165 5.762113407888 0.0 0.0 0.0 0.0 0.0 3.841412975958 11.524353260054 8.780837146491999 5.0767231122459995 4.5278982943059995 2.744554095208 11.939560040823999 12.627087340261998 9.883105084256 5.49136726343 13.730699928818002 9.887843491194001 11.400311764076001 9.753845935448 10.992664728066002 12.232002492193999 11.959644435298001 11.137255732212 6.05118215357 12.380375913287999 13.758923572977999 10.740512195257999
0.0 0.0 0.0 0.0 0.0 0.272908313058 0.0 3.414972978462 12.02354992165 6.150840036402 0.0 3.829942517722 7.387493063368 0.136872127322 3.5591057527400003 5.3393771033499995 2.054115119616 7.395748298836001 4.794254859636 2.054689901792 3.0144916916539994 6.166669245202 9.869148025892 12.75005594214 4.935952269228 5.347932198505999 0.0 1.23426525306 9.052522428956 13.716705749886003 12.070937894024 13.716689796776 7.955764855846 2.74310165775 1.920040401498 0.0 0.0 0.0 1.5089102766420002 10.699346784352 7.956250141437999 12.483819112612 13.719472143141997 12.760059318278 13.72181528612 12.488155033340002 12.352364809776 12.903244991884002 10.845680684240001 12.22057535376 4.120177418748 11.401093173888 10.990860798406002 13.741408820148 13.744202074281999 9.760070724609998 11.41247263589 5.501124897912 11.142157980238002 12.524384754124
0.0 3.270454324734 0.0 5.182257922559999 9.54961834017 8.73383238345 0.0 0.682986769824 8.743809444716 5.057140533938 2.323880772518 3.282107401316 9.438790386158 0.5472363183260001 5.4742254357919995 2.73757329173 2.875073693658 0.0 1.095558104302 6.847836524476 3.69825535396 6.8506179889 8.359410059034 13.020391778143999 9.732526962792 9.322222997632 0.0 8.638088077334 6.582153193253999 11.518646809861997 7.679162636354 5.348328254546 6.033379423222 9.735217005070002 8.775220961221999 9.323034997961999 9.733852919876002 9.599191233260001 12.891348938423997 10.149224633222001 10.286802256874001 5.761030784361999 10.836805919018001 7.957027463388 8.094747654779999 13.584270647081997 8.782690302575999 13.038777625048 10.844196399364 10.159800837404 10.984922713608 10.025653035069999 8.516618960384 11.95288465842 7.970199995804 13.744260688836 13.334562820088 13.199515273468002 12.376977639764002 9.630535131882
0.136252910992 4.224767398906 2.453554099134 3.136515964806 8.595522905399998 3.1388465104580003 3.140199771362 6.692395070456 7.3770812667120005 7.926913803895999 7.655359252434 9.571751583082001 11.215403802053999 2.188933872672 3.147035544324 1.7791131952340002 2.874246901024 0.0 8.351717091814 8.215783917014 5.4779514720539995 6.848753304578 12.604039878832 6.577459227126 12.196438171246001 10.690107488046 4.386057726562 12.884946244666 5.757200961449999 13.023205759565998 10.555855938714 2.604428115968 3.97564624229 11.103996942334 11.377580920747999 5.482888364608 10.142770494216 10.143620454956 9.461401215043999 9.735787534592 8.365034035155999 10.423005742588002 13.715507301282003 10.836185343024 12.757879438167999 13.719600696872 13.721262077456002 13.448631368812 10.019370066434 9.471512288728 7.2762995682480005 3.9818620112300005 1.648243326518 13.461801515160001 13.738999871088 13.741533380562 11.957217155513998 10.035040611566 10.861795888336 5.778706129026
0.953757903286 8.45016455437 4.226410196212 5.319550848767999 13.371016656766 13.375512570094001 5.870978395006 11.199129220792 9.016463092493998 12.572305590805998 8.474608023506002 11.75848143771 11.6245349849 3.145848517986 1.368264735758 5.473663282584 1.505409323486 0.0 7.118747713468 7.530051091332 8.078844472636002 11.777706646808 6.026655418286 9.178158647354001 5.753932026249999 7.536061315097999 3.9739501305340004 13.155607391125999 6.16736058097 11.101216231598002 8.90807436131 9.867682226429997 4.522545294047999 8.907991440842 10.552612978002 2.3296856357 11.647470602628 10.413850581490001 12.060594764593999 12.476283969141999 10.283413648712 4.936682173632 10.559560235260001 7.680044361754 9.464122296151999 13.717671554846001 9.740787538599998 12.074533289996001 11.664711791578 8.784008844399999 6.452087170848 6.864573970487999 2.4717988888439995 10.02592065582 13.324396846199999 11.403409533576001 5.22145319857 0.0 0.0 0.0
2.7255045415039993 9.269384319582002 5.862996924178001 1.7734109758160002 11.051885576893998 2.72975220455 3.413255858486 3.0045811522539996 10.519182034316 10.521834320866 11.481177806578001 8.476360565088 8.614770559770001 4.239708203457999 0.820845513418 8.208773572738 2.8734055051560006 1.3684330519299999 3.421895362900001 8.898005731406002 12.4587595953 10.680642600868 9.175494568664 13.559435295831998 13.285845540177998 7.259821061526 0.274021586082 7.3983488075579995 11.371659423564 8.769099270869999 13.701567841002 10.139467466346 10.961453898442 2.192283625718 0.0 0.0 7.945758325374 8.767246316126 13.698066949994 13.704883406503999 13.297696338316 10.282439046950001 10.694836463618001 13.712715927827999 9.874329388645998 9.052405947575998 11.659694856328 8.368771227576 6.86021203373 10.703659191369999 3.019320356264 5.62807498568 11.807255954371998 10.847713020115998 12.77252373788 12.637190883377999 6.594207855221999 0.0 0.0 0.0
11.038770162449998 7.225133579778 2.18188851924 6.957057363276 11.598212240128 8.05338876197 4.095638847928 8.877167979944 13.660463636795999 9.974647038052 13.393746209798 11.346088259214 10.664789424523999 3.0083402637859997 1.7780212445959998 5.609029527556 3.146802255256 9.168022697202 9.306183825748 13.13962710132 13.688873083179999 11.910743769546002 11.364582519517999 13.145731552054002 12.872064203978 8.353898430932 0.136940793262 7.807025528685999 13.149459572831999 13.286851105406 13.69807125479 13.698128431602 9.588658186309999 0.0 0.0 1.7805331451879998 11.641740748302 8.901960491201999 12.599024025759999 13.283649880774 11.37471487117 5.483352499692 7.8142867372980005 10.00886426931 3.7022979158139995 10.148030809461998 13.578182769931999 12.208255538382 13.718918987103999 11.251195938643999 13.311200990678 13.038631889141998 13.177989741426 13.729166152942 10.710271826964 8.926876177099999 0.27472120490199997 0.0 0.0 0.0
10.903746119728 6.134923481534 5.45521279375 10.777187064498 9.688377304557998 13.103446300556 7.645423762172001 6.828319189926 12.976990483515998 13.11653745486 13.666103155850001 4.373976713576001 4.375077831976 5.879687165708001 11.351144987404 6.292051109586 8.207906788116 12.997875371173999 13.683617965036001 12.316702688148 12.592009101315998 11.635318673908 13.689901259392 13.690597449309998 11.636984462324 10.816615585134 2.3276727032939997 6.983664054716 8.490416235978 9.586030942874 13.146923746639999 11.640677319132 12.461985232224 7.9423443934360005 0.8215545791459999 0.5477504506219999 6.983511925956001 6.572344670774 12.869832840368 13.690318591552002 13.691858456630001 13.704803158813998 13.707168488064 13.708581835706 13.298775330914001 11.65484856864 10.285081443386002 9.600323762717998 13.716821827624003 9.877214638764 10.702127317634 12.487518080387998 11.940400083596 1.510053249876 3.43243424827 0.137311356212 0.0 0.0 0.0 0.0
9.677716797818 5.726267411192 6.819257280888 12.959992070834002 9.688742849502 7.643823013722001 13.516378925398001 7.783820177581999 10.927622189146 13.11591811117 13.665173302105998 13.667814131138 3.554324034426 7.382899241094 6.564062236252001 7.9324420065900005 9.711500729126 11.628054756035999 11.766391178798 12.999166469315998 9.442641499114002 6.980122772884 13.687658404465997 10.813558588968 13.140387267388 2.8745967798840004 0.9582585305519999 6.708328437276001 13.690846566474 13.691176216038 13.417489320984002 6.982418540394 9.994577004276001 12.732654128062 12.595238286728 7.803173405274001 11.49912849062 8.897582421732 9.44450803779 7.938138630311999 12.864799163757997 13.690442134425998 13.156669264546 12.472970580815998 8.635863787167999 9.871003220188 13.711218137627998 13.712929271842 13.714704633354001 11.659102508774 12.621055375516002 10.839182437099998 10.977702301289998 0.0 0.0 0.0 0.0 0.0 0.0 0.0
10.087346480074 8.7265228611 7.364924425634 10.368360740006 12.96382043821 11.738595491963999 13.516204837326 8.876132189149999 1.229257985688 12.022327868407999 13.390962239508 3.4166447057799996 5.194197385676 9.980035433456003 7.520246325252 9.709187112049998 12.993063622361998 12.310704922875999 6.2929503914280005 10.671780126769999 11.493747513576 13.684244494154 13.27491677902 12.316179596472 11.769238157006 8.895976223192001 13.276062578249999 3.9693113906260002 13.687694195033998 12.866759102916 13.688079665581997 13.414260305220003 13.414089553372001 12.866288618117997 11.223285341168001 6.980052512508 13.138569813506 5.474224346406 4.652679765174 8.620422064692 11.766883702058 10.671419068956002 13.691045506418 10.963443117544001 13.568835332432 13.707491613339998 13.297887164156 13.299498917066 10.833111641742 10.971357132011999 13.167530745166 9.739782982217998 13.171139376059998 2.058171810368 0.0 0.0 0.0 0.0 0.0 0.0
10.496580452542 10.226976636052 12.275569443551998 9.276966609988001 9.142861296146 2.8663491301519994 12.560364498652001 6.417754492117998 6.692802007256 13.660854674066002 13.116769802231998 8.609309606027999 12.984540814584 12.713030550802001 13.67189278 13.26348733267 8.752222796614001 9.300364859945999 12.857592770123999 12.448528423832 8.892674648946 11.766735768288 12.45179330568 13.407952512651999 10.124806959249998 12.451660326476 13.683773159654 5.199995010608 7.526346054006 5.747612721876001 13.68486372444 11.632125627778 11.495048098761997 13.684237490013999 12.726018133094001 7.388742039918 11.630099997058 12.039746251748 13.680870097057998 13.132794399698 11.900449995454 12.446766615706 13.403053821104 10.267843165077998 8.359378582664 13.56832834916 10.143047832853998 13.571604520766002 13.710429733248002 12.615242247078 10.011101946806 13.1672003486 10.425507625226 0.0 0.0 0.0 0.0 0.0 0.0 0.0
3.6808839419599995 7.363611370601999 5.319686639878 11.050760748294 3.957377855664 4.913949986447999 9.55654028385 13.518393098622001 9.969931028724 6.4202999439860005 5.328454183091999 2.4597473749 1.7767398415879998 8.748078996744002 11.756615491173998 6.972722250354 12.853420375654002 13.675273878552 10.531033733275999 12.173400822036 13.67911102063 13.68021112854 7.934586906308001 11.900785595938 2.87291500652 4.241210331474 7.11430380376 6.156540424646 9.987445626662 10.534780792253997 7.524991182018 12.723893386030001 10.397679107630001 12.17592125178 10.260264419058 13.132559598278 13.268667129757999 13.541516785084 12.036128332941999 9.436864239790001 11.487316373919999 9.572003313798 12.168885841706 13.672510909192003 13.558815040355999 10.962504754747998 12.334417549587998 11.102462493944 13.571216693005999 9.185588077308 11.792039357436 11.382331034700002 1.2343529264959998 0.0 0.0 0.0 0.0 0.0 0.0 0.0
8.725231156380001 6.2727067160939995 11.86677291593 9.277390038284 5.731147805616001 9.145053368958001 8.464050851676 9.01191340079 12.974134883140003 11.200567097598002 4.50824709313 5.601993210152001 3.8261881023640005 12.437449351681998 13.669185161042 11.893506037392 11.75824462145 10.255357064768 9.572587955164 11.351172824882 10.941884953541999 11.626589937343999 0.410333800664 0.136771887584 0.0 0.0 0.273586813572 1.504737808966 6.9760296493 13.404988847952 13.404985083564 13.678339158326 12.720619373112001 13.13049647585 13.266730366104001 11.214814284748 8.47893344587 12.991092962944 12.853315618116 11.621917544834 12.578027803269999 10.389866256244 13.53252543892 12.301066164604 9.157598873033999 6.573172270561999 7.6736742828899995 4.933462600938 13.157888473830003 8.087854698842 9.048580680096 8.501053786446 0.548495407616 0.0 0.0 0.0 0.0 0.0 0.0 0.0
12.815683827824001 1.772625663554 0.682064477438 7.640214045106001 12.008349221618 9.963519807021997 9.829124621272001 2.3209865720479996 6.145591113456 6.965707968646 2.049132695292 5.874930353259999 12.024734483986 6.969788292923999 11.344405442633999 9.841821581073999 7.3821788609 6.5626821817 11.759046669060002 6.563715842320001 7.794907150228 3.282326668324 0.0 0.0 0.0 0.0 0.0 0.0 2.3249662607059998 12.307956244316001 7.521252639611999 12.1707891837 13.401267720448 13.127368624294 9.845317712938 10.528387461246 13.672196741051998 12.0307892785 10.526377779174 12.302258673771998 9.294426717979999 9.156617556467998 13.392079904506001 13.664011768676001 12.569674429392 11.344414023084 11.918440036227999 7.810316209384 10.826341643322 7.949011478101999 0.0 0.0 0.0 0.0 0.0 0.0 0.0 0.0 0.0 0.0
7.36234108793 10.091152279316002 0.0 2.728787291268 10.097694943019999 11.464727171644 8.736554509256 4.641839778008 1.092529276032 3.141251249628 0.0 1.229579240864 6.831831775034001 6.832572560059999 2.323386252112 0.546725327762 0.0 0.0 0.273448196916 0.0 0.0 0.27349820982 0.0 0.0 0.0 0.0 0.0 0.0 0.0 6.01608309161 13.672246129975997 13.671934843132002 11.347280843647999 11.210083958808001 12.303142432612 12.71261127365 13.668720610255999 13.121026903824003 4.236487423032 13.665573902713998 13.254379445458001 13.25315305881 9.563393746700001 12.020880561381999 7.102577848175999 7.238194076750001 9.024970431612 10.54932234856 9.865294587546 5.61852380695 0.0 0.0 0.0 0.0 0.0 0.0 0.0 0.0 0.0 0.0
2.999282602468 7.9095829984199995 0.0 0.0 2.4563197023959997 9.826551087208001 10.237626810444 2.184419403878 0.0 0.0 0.0 0.0 0.0 0.0 0.0 0.0 0.0 0.0 0.0 0.0 0.0 0.0 0.0 0.0 0.0 0.0 0.0 0.0 0.0 0.0 10.935395586914 10.251354354101997 11.071313779042 11.89091504117 12.027041833499998 13.119558182591998 11.752123948182001 11.887833799053999 13.663105110074 13.661903665796 13.387432811352001 12.020095788525998 12.428402406890001 13.656193254389997 13.108416237528 11.468361418939999 11.057645048073999 6.841089162594001 5.206017688296 0.0 0.0 0.0 0.0 0.0 0.0 0.0 0.0 0.0 0.0 0.0
5.998713380138 5.591189799012 0.0 0.0 0.0 2.86608399717 2.59341369331 0.0 0.0 0.0 0.0 0.0 0.0 0.0 0.0 0.0 0.0 0.0 0.0 0.0 0.0 0.0 0.0 0.0 0.0 0.0 0.0 0.0 0.0 0.0 4.919755377363999 10.385792817222 13.255042535422 12.57124150045 12.297267109681998 11.203232645659998 11.612249316402 13.524041472957999 13.659462053347998 9.287727667157998 9.969552062903997 11.334243233081999 13.653850086414002 5.324533453808 0.955680906858 5.323138008198 9.552597514915998 0.13643747861400002 0.0 0.0 0.0 0.0 0.0 0.0 0.0 0.0 0.0 0.0 0.0 0.0
5.180684724768 0.0 0.0 0.0 0.0 0.0 0.0 0.0 0.0 0.0 0.0 0.0 0.0 0.0 0.0 0.0 0.0 0.0 0.0 0.0 0.0 0.0 0.0 0.0 0.0 0.0 0.0 0.0 0.0 0.0 5.465066776344 13.525657096949997 13.388471747995998 11.47517413904 10.245327238907999 9.971441664822 6.5559007632920006 10.652267595794001 10.51496533561 13.654459145961997 13.653035028691999 12.695823363881999 13.649903830051999 10.236120419517999 0.13645380600999998 3.956960607478 9.550178856222 1.091374880268 0.0 0.0 0.0 0.0 0.0 0.0 0.0 0.0 0.0 0.0 0.0 0.0
0.545315752616 0.0 0.0 0.0 0.0 0.0 0.0 0.0 0.0 0.0 0.0 0.0 0.0 0.0 0.0 0.0 0.0 0.0 0.0 0.0 0.0 0.0 0.0 0.0 0.0 0.0 0.0 0.0 0.0 0.0 2.04900245289 7.78585086941 12.702221124042001 11.198982573012 10.515401011731997 10.105202391733998 2.867587936754 9.147967378978 4.09599406928 13.104675881556 11.192504390189997 10.645118854224002 10.917031230195999 5.59436200256 11.732225708571997 2.318775936232 0.0 0.0 0.0 0.0 0.0 0.0 0.0 0.0 0.0 0.0 0.0 0.0 0.0 0.0
0.0 0.0 0.0 0.0 0.0 0.0 0.0 0.0 0.0 0.0 0.0 0.0 0.0 0.0 0.0 0.0 0.0 0.0 0.0 0.0 0.0 0.0 0.0 0.0 0.0 0.0 0.0 0.0 0.0 0.0 0.136576159088 10.78818433955 12.972358235504002 7.6462653989259985 10.23968303546 6.280145394792 0.0 11.192525857994 13.102326122157999 12.009430475404 12.417304421012004 12.825127368114002 11.049729848122 8.184089657142 10.637490432324 2.04562122104 0.0 0.0 0.0 0.0 0.0 0.0 0.0 0.0 0.0 0.0 0.0 0.0 0.0 0.0
0.0 0.0 0.0 0.0 0.0 0.0 0.0 0.0 0.0 0.0 0.0 0.0 0.0 0.0 0.0 0.0 0.0 0.0 0.0 0.0 0.0 0.0 0.0 0.0 0.0 0.0 0.0 0.0 0.0 0.0 0.0 1.092281681426 8.191255280136 11.057352396056 10.920045076264 4.504121254239999 5.049175839251999 10.780368796251999 12.280278021714 13.506587249210002 8.048501134766001 9.956561202236 13.637823300138 12.135770693553999 12.406878337522 5.043262700052 2.4530761749119994 4.360516798344 0.0 0.0 0.0 0.0 0.0 0.0 0.0 0.0 0.0 0.0 0.0 0.0
0.0 0.0 0.0 0.0 0.0 0.0 0.0 0.0 0.0 0.0 0.0 0.0 0.0 0.0 0.0 0.0 0.0 0.0 0.0 0.0 0.0 0.0 0.0 0.0 0.0 0.0 0.0 0.0 0.0 0.0 0.0 0.0 0.0 0.5459463169459999 0.81879762591 0.136456770146 10.096375899285999 10.504354123816002 3.9557711146980004 9.820497655676002 11.046551312452001 13.635628592858001 12.270454158684 9.54227968642 11.312445156078002 10.493205687274001 11.717383129987999 10.62569933715 0.817169574108 0.0 0.0 0.0 0.0 0.0 0.0 0.0 0.0 0.0 0.0 0.0
