agricultural_afforestation/data/CPV_1km.txt
nrows     203.0
ncols     198.0
xllcorner     857533.25
yllcorner     4281682.625
cellsize     1000.0
NODATA_value     -9999.0
[rows 81 to 107 of 203, columns 120 to 179 of 198]
11.343012377140003 13.665856162072002 5.057641936755998 7.92654580922 13.66630839649 13.665984509355999 5.465838733266001 3.41544163305 0.0 0.0 1.229105617988 2.18507484196 0.0 0.0 0.6827128299 0.819226288646 3.9594494773139997 1.2287788243239999 0.0 0.0 0.0 0.0 0.0 1.2264628390299999 2.589753602462 0.0 0.0 0.0 0.0 0.0 0.0 0.0 0.0 0.0 2.995575693702 0.408342054974 0.0 0.0 0.13616446314 2.4504722943779997 0.0 1.2252109799339999 0.544609040334 0.0 0.0 0.0 0.0 0.0 0.0 0.0 0.0 0.0 0.0 0.0 0.0 0.0 0.0 0.0 0.0 0.0
9.984333672922 7.24870821237 13.679044415 13.405364412608 11.626434796534001 6.977240450121999 6.154864842594001 0.0 0.0 0.0 0.0 0.0 0.0 0.0 0.0 0.0 0.0 0.0 0.0 2.5937456254880003 3.548956895066 5.322662238563999 1.501125143166 0.0 0.0 0.0 0.0 0.0 0.0 0.0 0.0 0.0 0.0 0.0 4.768539683425999 0.136281353706 3.5429819530540003 3.950691545106 4.222243610112001 2.7247622501679998 0.0 0.0 1.2255347605440001 0.0 0.0 0.0 0.0 0.0 0.0 0.0 0.0 0.0 0.0 0.0 0.0 0.0 0.0 0.0 0.0 0.0
6.298768905898 11.911536555718 8.4882691486 7.119295671048 12.595685387968002 13.690354023364 5.750039991844 0.0 0.0 0.0 0.0 0.0 0.0 0.0 0.0 0.0 0.0 0.0 0.0 4.370568497238001 11.881313442827999 6.144232965696 0.40947098717200003 0.0 0.0 0.0 0.81862751272 2.456133073446 0.0 0.0 0.0 0.0 0.0 3.273083564918 8.317772019218 9.271394462825999 2.180780067984 0.0 0.0 2.86190267706 2.9992689428140005 0.409017037386 0.0 0.0 0.0 0.0 0.0 0.0 0.0 0.0 0.0 0.0 0.0 0.0 0.0 0.0 0.0 0.0 0.0 0.0
12.881969767632 9.592850158481998 4.933212193402001 13.703495281849998 13.291796901211999 10.276363181292 1.370143565982 0.0 0.0 0.0 0.0 2.876880990938 7.395673189242001 1.5056024433619999 2.4631011279740003 0.9578703289039999 0.0 0.0 0.0 0.13672835607000003 2.459719864116 1.776921876948 0.0 0.0 0.0 0.0 0.0 0.409512702978 0.0 0.6827640970659999 0.0 0.0 0.682541938488 6.413945501876 0.68204832182 3.9560085961820004 0.8186582098419999 0.0 0.0 0.0 1.636523115856 0.0 0.0 0.0 0.0 0.0 0.0 0.0 0.0 0.0 0.0 0.0 0.0 0.0 0.0 0.0 0.0 0.0 0.0 0.0
7.5432949681 5.48653013857 0.548426338186 5.8972274900079995 9.46304212746 4.936454123402 0.0 0.0 0.0 0.0 1.9191524217639997 9.179952272053999 8.079877810035999 10.132774064428 7.666088086446001 4.106246127028 0.0 0.0 0.0 0.13682505716 7.522609244678001 5.743841849863999 0.0 0.0 0.0 0.0 0.0 0.0 1.229790929314 1.9125078639800002 0.0 0.0 5.59952826217 13.109939343085998 7.374111448416 0.0 0.0 0.0 0.0 0.0 0.0 0.0 0.0 0.0 0.0 0.0 0.0 0.0 0.0 0.0 0.0 0.0 0.0 0.0 0.0 0.0 0.0 0.0 0.0 0.0
7.962645806348 11.394451520588001 7.276870624228001 7.961767048526 8.373877137764 1.235107111644 0.0 0.0 0.0 5.621331539928001 8.636197356611998 7.2643584162120005 7.674396769246001 10.961794763970001 0.274060454518 0.0 0.0 0.0 0.273897438148 4.654358399904001 10.538259216881999 6.842456159589999 0.547369931988 0.0 0.0 0.0 1.504192152616 1.6413210022959999 1.913906610732 0.6838023116579999 0.0 2.4605839866680004 11.753731148863999 13.119266627498002 9.565869114133998 0.820068019766 0.0 0.0 0.0 0.0 0.0 0.0 0.0 0.0 0.0 0.0 0.0 0.0 0.0 0.0 0.0 0.0 0.0 0.0 0.0 0.0 0.0 0.0 0.0 0.0
12.090719824276 12.502005848322002 13.738403702032 12.776088158442002 6.59378336271 0.412242272068 0.0 0.0 2.74370032679 10.4243266851 10.834718695606 2.1940510390999997 3.701740329214 4.112830879058 0.685418338658 0.0 0.0 0.0 4.520591540998001 13.698024484795999 6.436676886318 0.273813514542 0.0 0.0 0.0 0.0 0.0 0.9576519676540001 6.020564094905999 8.755650795412 1.23157620834 0.273467670996 2.3246489087819997 9.298425459366001 7.930905577526001 0.41007776719 0.0 0.0 0.0 0.410156642166 0.0 0.0 0.0 0.0 0.0 0.0 0.0 0.0 0.0 0.0 0.0 0.0 0.0 0.0 0.0 0.0 0.0 0.0 0.0 0.0
11.000280564077999 7.562221703002 7.286001922756 7.2864954954979995 6.735404896886001 1.78675969313 0.41193029693600003 3.8443075705739997 6.863262364583999 4.803784820280001 4.6654068403819995 0.960459813094 0.0 0.137147235902 0.0 0.0 0.0 0.0 1.644827141664 5.7573968716540005 6.990817359128 2.8782847752719998 0.0 0.13701768912 0.685045161612 0.0 0.0 0.0 3.422837471416 0.27371959715399996 5.065719548380001 3.422774268816 0.0 5.885127540648 5.74734472147 0.0 0.0 0.0 0.0 3.282083478218 1.5042588862719999 0.0 0.546942413872 0.410305565584 0.0 0.0 0.0 0.0 0.0 0.0 0.0 0.0 0.0 0.0 0.0 0.0 0.0 0.0 0.0 0.0
9.494320619241998 10.182750556542002 7.841471682322 6.46090919969 0.0 1.236534134344 10.851688746364001 7.141855050789999 5.218295166622 0.27459900397 0.0 0.0 1.3731733523640002 0.41189517573199996 0.0 0.0 0.0 0.0 5.076323544911999 3.016921265582 12.068297314119999 3.56589344977 0.0 0.0 0.0 0.0 3.8379169907780004 4.24831227426 2.192125748168 3.151567259428 9.452796402701999 3.83477345379 0.0 3.149247650328 5.614680895938 0.0 1.916716096194 0.0 0.0 0.0 0.0 0.0 0.0 1.3677972654400001 0.0 0.0 0.0 0.0 0.0 3.144985864912 0.0 0.0 0.0 0.0 0.0 0.0 0.0 0.0 0.0 0.0
13.626174608522001 11.828081823528 7.148062414364 0.27487123475599995 2.06205989437 10.308206281224 12.643546949106 1.099347071396 0.0 0.0 0.0 1.510879549048 12.224969282786 7.416803105301999 6.318060259878001 0.0 0.0 0.13726304647 6.725960683885999 6.039973411724 6.724502813530001 9.743127023978001 1.372429846794 0.0 0.0 0.0 4.662986585844 0.13716940726799998 0.685728439922 9.048941982706 10.966923321018001 0.0 0.0 0.959578163286 9.318410830766002 0.0 0.0 0.0 0.0 0.0 0.0 0.0 0.0 0.0 0.0 0.0 0.0 0.0 0.0 0.0 0.0 0.0 0.0 0.0 0.0 0.0 0.0 0.0 0.0 0.0
13.755190342118002 7.1523119304859994 1.5126919717679999 2.200716500652 9.351196916154 13.751319215732 7.4255502278379995 0.27505663619799997 0.0 0.0 0.0 0.0 3.4355672772880004 7.4209650839179995 5.358601129819999 0.412183841536 0.0 0.6869465072259999 3.021665490416 5.218068453144 4.805312375842 8.238537858626 11.120763393244 0.41189675548999993 0.0 0.0 6.450056073248 3.4312146849599996 9.056315942524002 12.621865567372 7.545084006266 0.960414161684 5.487102507687999 6.033073504234 5.07279957245 0.685509703106 0.0 0.0 0.0 0.0 0.0 0.0 0.0 0.0 0.0 0.0 0.0 0.0 0.0 0.0 2.327173778212 0.0 0.0 0.0 0.0 0.0 0.0 0.0 0.0 0.0
12.109979252162 11.834413346244 1.513806459238 12.796753966908001 11.970749453142 13.758322322140002 7.29129933241 0.550198867708 0.0 0.0 0.0 0.0 0.0 2.612070687212 1.512277769538 1.5121635275299998 1.3749299024679997 1.099625533616 6.734765384600001 8.108385211029999 2.748491192238 0.0 3.5716268934900004 2.060658835032 0.0 0.0 6.179431743536001 4.119141756746 12.769339946155998 5.080185040132001 7.13876591447 7.412542265764 1.2350622370939999 1.097993109126 0.0 0.0 0.0 0.0 0.0 0.0 0.0 0.0 0.0 0.0 0.0 0.0 0.0 0.0 0.0 0.0 3.5602772209059994 1.7803468013219999 0.0 0.0 0.0 0.0 0.0 0.0 0.0 0.0
11.702792866604 6.745920792034001 2.753483981892 10.462024733749999 10.599445044146 7.708034168414001 7.157931852702 5.506291633945999 1.2388829173399998 0.0 0.0 0.0 0.0 0.0 0.0 1.650423649804 8.389795540207999 7.4268884087139995 2.887783413438 0.27494782213400004 0.6873513061680001 0.0 1.374431039356 0.27485430228999996 0.0 0.0 5.2219087813959995 9.481873169532001 13.739513325588002 11.67730154905 7.554509058340001 7.691981522059999 6.455700125892 0.5494298925100001 0.0 0.0 0.0 0.0 0.0 0.0 0.0 0.0 0.0 0.0 0.0 0.0 0.0 0.0 0.0 0.0 4.247375028533999 4.7952126992399995 0.0 0.0 0.0 0.0 0.0 0.0 0.0 0.0
13.085284889728003 2.47931145467 3.305838834404 7.988812074494 11.293495145864 5.371272377717999 6.197248349925999 12.393893103518 8.950897587167999 6.7475823308619995 0.5507882020139999 0.0 0.0 0.0 0.0 5.367951892572 10.184051493804 7.568646857364 0.0 0.0 0.0 0.0 4.126923884944 0.0 2.6136525301820006 3.713779360642 9.213603405748001 13.749681169966003 11.685713550288 5.360693576228 4.6741285268279995 0.6870577320079999 3.984858532218 0.6870448562939999 0.0 0.0 0.0 0.0 0.0 0.0 0.0 0.0 0.0 0.0 0.0 0.137220332602 0.0 0.0 0.0 0.0 1.507665459378 2.055807032092 0.0 0.0 0.0 0.0 0.0 0.0 0.0 0.0
11.575169366054002 4.547678671982 13.366242296271999 13.779275563321999 13.778924219368 11.98760886747 13.502540317546 9.368187344757999 12.950310077761998 13.363059680181998 4.270558117584001 0.0 0.0 0.0 0.0 0.275351100696 5.369990531876001 0.8260979696599999 0.0 0.0 0.0 0.0 8.808594536702001 8.946615792588 13.486439235067998 13.760563405012002 13.759512801713997 11.282001819638 0.0 0.0 0.962641023994 0.0 0.0 0.0 0.0 0.137509147344 2.8867775612060003 0.0 0.0 0.0 0.0 0.0 0.0 0.0 0.0 4.804194787011999 0.5490797797560001 0.0 0.0 0.0 6.034743878773999 7.130595584191999 8.363591138316 5.895145610449999 0.9596551747700001 0.0 0.0 0.0 0.0 0.0
5.651943737096 12.269268334184002 12.269330176546 9.098248049114002 11.993277023098 9.511269280522 11.02752769133 7.443620981732 4.548660541725999 11.853760644432 11.715314194158 5.651300195036001 1.6540246147320001 0.0 0.0 0.0 5.23534723575 3.306473256672 0.0 0.0 0.0 0.0 8.814289036385999 10.053222727091999 10.051852215512001 9.087150811966 13.768016870676 8.398045729294001 0.13770333358599998 0.0 0.0 0.0 0.0 2.202107160854 1.238524208338 0.275037965348 0.0 0.0 0.0 0.0 0.0 0.0 0.0 0.0 0.0 7.003662436254 8.92548843002 0.0 0.6864061060819999 3.705263034518 6.036325881329999 6.583983129941999 5.48578368419 7.405168634468 0.959729455596 0.0 0.0 0.0 0.0 0.0
6.895877493267999 8.551229017152 8.688524288135998 8.550834933279997 13.791548681533998 13.791368620528 13.791119789046 10.756516764258 11.721961552501998 10.618436348990002 6.481025455474 10.892945914641999 7.169823111201999 0.0 0.0 1.7923096302180002 7.720041816812 6.478102316234 0.0 0.0 0.0 0.0 7.8544074735619995 11.022650558128 11.29820832365 9.230587534002 11.158975252018 11.433491252344 2.203918040264 0.0 0.0 0.0 0.0 6.1956796365699995 6.608397110805999 0.0 0.0 0.0 0.0 0.27519361534200004 0.0 0.0 0.0 0.0 1.511789951604 5.7706418744359995 11.402132605052 4.39483265159 12.63249809246 6.45181858586 8.510395556896 7.685396562886 10.154515796098 7.957793077346 2.743949939404 0.960265514838 0.0 0.0 0.0 0.0
11.451691945483999 10.89967882798 11.590216928665999 13.79768955922 12.969689991246 7.864234033243999 3.7251578263940006 12.003531727842 11.865078196105998 13.796643833120003 13.520357669422 13.51988282312 12.82961708795 3.4488598517780003 0.0 2.3449272260300003 9.378538279562 6.757816846593999 1.792838118478 0.0 0.0 0.0 2.067740686434 2.61939068411 0.689112795474 9.373631275926 13.095058753126 7.856071505176 3.0327970617599993 0.413577929292 0.0 0.0 2.3424410904919997 8.266155069311997 1.653358599454 3.16851140263 0.0 0.0 0.41292715315399997 8.533785964789999 5.918219650512 2.063800951488 0.0 0.0 2.74996429367 12.921719919460001 9.757488750034002 10.03022458196 11.814427606519999 12.498947570184 12.771162752588 3.706959690546 1.235275701316 0.0 0.0 0.0 0.0 0.0 0.0 0.0
12.698684776379999 8.557847924838 13.251317178808 12.69917041522 7.039682992894 9.386785989562 7.8683541845119995 9.111025813551999 5.2458632640800005 12.9750604628 13.802883072255996 8.694996661890002 5.382539852498001 10.351583981751999 4.140550764029999 0.0 1.1037432881879998 1.1037258753099999 0.0 0.0 0.0 0.0 0.0 0.0 0.0 3.172188056742 12.275328298862 11.171316885328002 11.307923632022002 11.308333757316 1.5170981560359997 0.275847757422 0.0 3.4464089528239996 7.443796561489999 8.821278752742 3.307723215496 0.413366979506 6.474790964036 13.083298909247999 13.631099102708001 4.2680881565819995 4.8174963653919995 8.256312751972 9.767086666208 12.927059585183999 10.862250133309999 11.822006999487998 9.208568889548 8.10713367078 5.6323767392179995 0.13734339174600002 0.0 1.6479741798239997 2.7461547962599995 3.569398105322 3.294323601166 1.097979562336 0.0 0.0
11.598975286638 3.0382629706259996 13.394906722777998 5.799870298508 0.828682499054 9.942883051534 8.424236318028 11.738360510818001 13.809848940071998 13.80968058812 13.809434991986 9.113797104448 4.970895806221999 8.1466951953 4.970522080996 0.0 0.0 1.51872502482 3.8659294960439996 0.138080869578 0.0 0.0 0.0 0.0 0.0 3.174417225194 12.557863000896 13.109116144342002 9.93470857943 10.347886924106 9.106144726994 10.347796842575999 0.0 4.000120155618001 12.690011407760002 12.96403256226 11.169408899258 6.7552853099579995 9.922720778204 13.779367672139998 13.77601598777 12.946315715908 9.775838539066 12.113583984349999 12.93638204419 12.520562674342 12.105379581216 11.139490163266 10.999679083298 5.4990768674999995 0.0 0.0 0.27473228884 3.4339008762660006 3.570612741444 1.6476001451559998 0.13728454567 0.0 0.0 0.0
13.53733841986 4.282079443222 8.702869828004001 10.223026838644001 12.848529200193997 11.053025611328 10.914850863908 6.769936932417999 9.947526202311998 13.81604222486 13.815877832952 11.605521542572 11.743354494657998 13.814934030885999 10.637633029178 4.420937575076 0.0 3.1772912992820004 8.977948885959998 1.519362429162 0.0 0.0 0.0 0.0 2.4858076226240002 8.560616887166 11.045561112982 9.940381723471997 11.735416457096001 11.458858975803999 8.421356795612 8.696883651917998 4.27917336576 11.042295912996 11.59281472417 9.107051618145999 10.347115629124 7.586628950402 9.239642169934 13.786526815176 11.439760379229998 12.677007502279999 7.851722730592001 9.502692444180001 11.014234749912001 8.396642867597999 7.431673993946 6.466402930963999 10.86663691789 8.389372132512001 2.887809652698 0.0 0.0 0.0 0.0 0.0 0.0 0.0 0.0 0.0
13.122154975841998 11.055804652596 2.90190241582 0.13823117818800001 9.675258839266002 10.642375285704 9.675807207267999 13.82221504131 7.0492149991419994 10.228248033088 7.740352634438 12.992792559249999 12.163023457104 13.130260996974002 10.089223662352001 11.471076237672001 8.292378954304 9.121033843557997 6.079847167452 0.0 0.0 0.0 0.0 0.9672621384060001 5.387476968472 4.42001342553 6.078272921574 12.155882638336 8.1491333328 12.707229383545998 10.634678813502 12.982702087325999 9.94429166168 6.6287566470720005 8.977050184298001 11.598862706978002 9.386855576619999 10.074812090694 12.141105830422001 13.793208004416002 12.824171826998002 7.719613115014 6.752991800242 8.128416823423999 10.606674950402 8.813305907562 6.746118010030001 9.221769596806 2.2014286831459997 2.2014516974819998 2.200575179662 0.0 0.0 0.0 0.0 0.0 0.0 0.0 0.0 0.0
10.769428403309998 2.763538619434 0.0 5.39289368753 13.550493083985998 12.582872231436001 12.583524107934002 8.435429761794 12.583962261078002 6.22263861939 13.82844801658 13.828334204414 12.998472456226 6.498785487258 10.508460251352 12.58252880108 12.029381091078 2.62680372617 0.9676450471320001 2.073953978894 9.400984394802002 6.35944788517 11.19668592611 12.992950217866001 10.781402350316 1.7970963378999998 6.633742905606 11.746786858090001 11.331901452002 11.608371780135998 8.015502919824 6.633148010784 10.087161023705999 9.948394924995998 4.973664230938 3.315117061316 1.104725996054 11.736064424278002 3.036485265724 5.381327421878 10.346022728554 6.61988824042 5.652650743158 9.51027663897 9.23250788363 11.847980583910001 7.299887945910001 2.0654285652580002 0.0 0.550648736876 0.0 0.0 0.0 0.0 0.0 0.0 0.0 0.0 0.0 0.0
9.530347720298 0.0 0.0 7.053777374082 7.469151075244 1.9369871083260002 10.51350184893 10.513924877897999 10.929145518577998 6.36425020427 9.269280119618001 11.897530320114 13.41940327602 10.099323058216001 6.2249372095340005 13.418331802097999 12.864503169762001 9.820938788272002 1.936705271228 3.043070669856 10.787931221909998 12.170359842218 10.925505023986 7.4673446274540005 11.477370297274001 10.647239271348 7.328303154487999 10.645852093744 10.646178229954002 10.507205347663998 11.059596708250002 11.612140234734001 3.7323242192979995 5.805444736698 0.0 0.0 0.0 4.2820855423 5.938395634778001 9.939464705862001 6.210261482394 9.382395760992 12.4136995868 7.170621979390001 9.373469654276 11.990280819272 2.066772732272 0.0 2.891810399282 2.753959749292 0.0 0.0 0.0 0.0 0.0 0.0 0.0 0.0 0.0 0.0
1.7965127308660003 0.27643058015800004 0.0 3.869928872222 8.991544520567999 8.30321152324 13.147681344752 2.7676267522659996 12.456212491308 10.933602133737999 12.733442376548 13.840599998624 10.795576184038 13.840270642266 12.871349421316 10.656668784278 8.718346469136 6.227500284537999 6.9197171931999994 11.761804025781998 13.836883058565999 13.836228598916001 13.835556205594 6.502432600142 11.344023538462002 8.023518863784 12.034469211579998 3.3198498179239997 6.08587562944 9.681340983679998 5.255061969202 7.191372322944001 8.712463157821999 0.0 0.0 0.0 0.691052429362 12.712319744078 11.879699082254001 10.633710532862 6.903149952234001 10.489242707438 12.003957433923997 4.5524226818199995 0.0 3.170644101502 7.166810696982 1.240127634762 5.510905723734 4.269535018468 1.3770338128919999 0.0 0.0 0.0 0.0 0.0 0.0 0.0 0.0 0.0
3.59412425507 5.391748048974 3.318402959182 10.230906052942 7.189261089662 8.027285686277999 13.844956800235998 3.600178415298 11.353930753930001 7.061606868694 11.908125192456003 7.89196070345 7.338112055114001 10.107454036027999 13.846004045362003 12.04552607676 6.646116688916 7.4761242049779995 5.814561743528001 9.967136034488 12.458387622747999 13.703693523080002 13.841428830321998 8.16636035531 8.719151029672 11.763140173425999 11.624229897314 10.793408731222 7.748684520298 8.024479401616 10.376593842158002 5.395211511293999 3.734792439526 0.0 0.0 0.0 2.626707758456 10.090347547678 8.705267150976 8.979430547131999 9.529204623172 4.693954197062 11.180274451286001 3.725856396138 0.0 0.0 5.514592507426 4.962497086299999 2.8940775789060003 1.7909094957840002 3.719099294198 0.0 0.0 0.0 0.0 0.0 0.0 0.0 0.0 0.0
2.904060824268 2.351069041904 9.543191429645999 8.160034990182 6.224390829604 8.853031892848 9.685011226772001 11.490358215974 7.478707902366 5.263445365618 2.49309417776 4.017188043352 0.831039325744 6.787058516336 6.925396167956 8.725935533431999 11.357590468856001 4.5705988099359995 11.495316598166 7.893434376482 5.1235276626760005 3.184631596142 12.32365069863 12.323173248046 12.184172050165998 6.645412244047999 4.568164470018 8.028930608798001 3.183772900006 5.675105142980001 12.17935267287 3.459881054128 0.276731896782 0.0 0.0 0.0 4.8397391834459995 6.9130152491339985 8.846025649844 11.193163549124 5.802195401798 5.662222830139999 12.840535683768001 1.7944854613160002 0.0 0.0 3.1718657592920003 6.61840949834 1.10273718097 0.0 0.0 0.0 0.0 0.0 0.0 0.0 0.0 0.0 0.0 0.0
