agricultural_afforestation/data/SOC_1km.txt
nrows     203.0
ncols     198.0
xllcorner     857533.25
yllcorner     4281682.625
cellsize     1000.0
NODATA_value     -9999.0
[rows 150 to 174 of 203, columns 57 to 113 of 198]
0.0 0.0 0.0 0.0 0.0 0.0 0.0 0.0 0.0 0.0 0.0 0.0 0.0 0.0 0.0 1.4727954828763004 2.8495390864345804 1.9850721725724052 2.0811240518904244 3.105677431282633 3.0096255519646133 2.0170894656784113 2.4333142760564956 0.9925360862862025 0.4802593965900979 0.0 0.0 0.0 0.0 0.0 0.0 0.0 0.0 0.0 0.0 0.0 0.0 0.0 0.0 0.0 0.0 0.0 0.0 0.0 0.0 0.0 0.0 0.0 0.0 0.0 0.0 0.0 0.0 0.0 0.0 0.0 0.0
0.0 0.0 0.0 0.0 0.0 0.0 0.0 0.0 0.0 0.0 0.0 0.0 0.0 0.0 0.4162248103780849 2.6574353277985416 2.817521793328574 3.04164284507062 2.273227810526463 2.465331569162502 2.9776082588586066 1.1206052587102286 1.6008646553003267 2.369279689844483 1.7289338277243527 0.22412105174204572 0.0 0.0 0.0 0.0 0.0 0.0 0.0 0.0 0.0 0.0 0.0 0.0 0.0 0.0 0.0 0.0 0.0 0.0 0.0 0.0 0.0 0.0 0.0 0.0 0.0 0.0 0.0 0.0 0.0 0.0 0.0
0.0 0.0 0.0 0.0 0.0 0.0 0.0 0.0 0.0 0.0 0.0 0.0 0.0 0.09605187931801959 1.2806917242402613 0.8964842069681829 1.6648992415123396 2.3692796898444834 3.04164284507062 2.2412105174204564 2.145158638102438 0.7043804483321436 1.921037586360392 1.024553379392209 0.5122766896961044 1.3447263104522744 0.0 0.0 0.0 0.0 0.0 0.0 0.0 0.0 0.0 0.0 0.0 0.0 0.0 0.0 0.0 0.0 0.0 0.0 0.0 0.0 0.0 0.0 0.0 0.0 0.0 0.0 0.0 0.0 0.0 0.0 0.0
0.0 0.0 0.0 0.0 0.0 0.0 0.0 0.0 0.0 0.0 0.0 0.12806917242402613 0.38420751727207836 2.0170894656784117 2.2732278105264636 2.337262396738476 2.753487207116561 1.9850721725724052 2.4973488622685087 1.8570030001483788 0.5122766896961044 0.0 0.0 1.1526225518162352 0.5442939828021109 0.0 0.0 0.0 0.0 0.0 0.0 0.0 0.0 0.0 0.0 0.0 0.0 0.0 0.0 0.0 0.0 0.0 0.0 0.0 0.0 0.0 0.0 0.0 0.0 0.0 0.0 0.0 0.0 0.0 0.0 0.0 0.0
0.22412105174204572 0.0 0.0 0.0 0.0 0.0 0.0 0.0 0.0 0.0 0.0 0.5442939828021109 0.9925360862862025 2.6574353277985416 0.8964842069681829 1.5688473621943202 2.1131413449964307 2.145158638102437 0.8644669138621763 0.9925360862862025 0.0 0.0 0.0 0.16008646553003264 1.7929684139363657 0.25613834484805226 0.0 0.0 0.0 0.0 0.0 0.0 0.0 0.0 0.0 0.0 0.0 0.0 0.0 0.0 0.0 0.0 0.0 0.0 0.0 1.088587965604222 0.0 0.0 0.0 0.38420751727207836 1.024553379392209 0.0 0.0 0.0 0.0 0.0 0.0
0.03201729310600653 0.0 0.0 0.0 0.0 0.0 0.0 0.0 0.0 0.0 0.0 0.4482421034840914 1.0565706724982156 2.1771759312084433 2.0811240518904244 0.960518793180196 1.8890202932543854 2.785504500222568 1.985072172572405 1.7609511208303594 1.376743603558281 1.2486744311342548 1.4727954828763006 1.5368300690883137 1.8249857070423725 0.22412105174204572 0.6403458621201307 0.7363977414381502 0.6403458621201306 0.0 0.0 0.0 0.0 0.0 0.0 0.0 0.0 0.0 0.0 0.0 0.0 0.0 0.0 0.0 0.0 1.6969165346183464 2.273227810526463 0.09605187931801959 1.3447263104522744 1.8249857070423725 2.2091932243144505 0.3201729310600653 0.0 0.0 0.0 0.0 0.0
0.0 0.0 0.0 0.0 0.0 0.0 0.8964842069681829 0.8004323276501633 0.0 0.0 0.0 0.0 0.0 0.03201729310600653 1.8890202932543854 1.2166571380282483 1.0565706724982156 2.3692796898444834 2.145158638102438 2.4333142760564956 1.2166571380282483 1.504812775982307 1.7929684139363657 1.5048127759823071 0.8004323276501633 0.4162248103780849 1.6648992415123396 0.4162248103780849 0.6403458621201306 0.7043804483321436 0.0 0.0 0.0 0.0 0.0 0.0 0.0 0.0 0.0 0.0 0.0 0.0 0.0 0.4162248103780849 0.608328569014124 1.3447263104522744 0.3201729310600653 0.544293982802111 2.657435327798542 1.9530548794663984 0.3521902241660718 0.0 0.0 0.0 0.0 0.0 0.03201729310600653
0.0 0.0 0.0 0.0 0.0 0.0 0.3521902241660718 0.9925360862862025 0.0 0.0 0.0 0.0 0.0 0.0 0.0 0.3842075172720784 2.0170894656784113 1.6969165346183464 2.0491067587844176 1.1206052587102286 1.5048127759823071 0.960518793180196 2.081124051890424 1.024553379392209 1.2486744311342548 1.5368300690883137 2.369279689844483 0.0 0.38420751727207836 0.8964842069681829 0.0 0.0 0.0 0.0 0.0 0.0 0.0 0.0 0.0 0.0 0.9925360862862025 0.7684150345441567 0.4162248103780849 1.088587965604222 2.625418034692535 3.1697120174946463 0.960518793180196 1.1846398449222417 3.1697120174946463 2.913573672646594 1.1526225518162352 0.0 0.0 0.1921037586360392 0.9285015000741894 0.16008646553003267 1.1526225518162352
0.0 0.0 0.0 0.0 0.0 0.0 0.0 0.0 0.0 0.0 0.0 0.0 0.0 0.0 0.0 0.6403458621201306 0.8964842069681829 0.6723631552261371 1.0565706724982156 2.4333142760564956 2.3692796898444826 0.4162248103780849 2.177175931208444 0.03201729310600653 0.8964842069681829 1.088587965604222 2.1451586381024375 0.0 0.38420751727207836 0.3521902241660718 0.0 0.0 0.0 0.0 0.0 0.0 0.0 0.0 0.0 1.088587965604222 1.7289338277243527 2.2732278105264636 0.0 1.6648992415123396 2.9455909657526003 3.2017293106006526 2.9455909657526003 1.921037586360392 2.177175931208444 3.1056774312826327 1.8249857070423725 0.608328569014124 1.8249857070423723 2.145158638102437 3.2017293106006526 2.145158638102437 1.6328819484063333
0.0 0.0 0.0 0.0 0.0 0.0 0.0 0.0 0.7684150345441567 0.28815563795405874 0.0 0.03201729310600653 0.7043804483321436 0.0 0.0 0.0 0.6403458621201306 2.30524510363247 1.6969165346183464 1.1846398449222417 2.6574353277985425 1.1206052587102286 1.6648992415123396 0.06403458621201306 1.5688473621943202 2.2091932243144496 1.921037586360392 0.5763112759081176 0.8964842069681829 0.0 0.0 0.44824210348409144 0.16008646553003264 0.0 0.0 0.0 0.0 0.0 0.0 1.1206052587102286 1.7929684139363657 2.4012969829504893 2.561383448480522 3.1697120174946463 2.721469914010555 2.4333142760564965 1.8890202932543856 2.817521793328574 1.921037586360392 3.1376947243886395 2.9455909657526003 1.8570030001483788 2.753487207116561 1.792968413936366 3.1056774312826327 2.5613834484805222 0.8004323276501633
0.0 0.0 0.0 0.0 0.0 0.0 0.0 0.0 0.0 0.0 0.0 0.7684150345441567 2.0170894656784117 0.0 0.0 0.38420751727207836 1.857003000148379 0.9285015000741894 3.04164284507062 0.6723631552261371 0.7043804483321436 0.0 0.0 1.2166571380282483 1.2166571380282483 1.376743603558281 2.1131413449964307 2.3372623967384762 2.433314276056496 0.5763112759081175 0.0 1.024553379392209 0.8004323276501633 0.0 0.0 0.0 0.4162248103780849 0.0 0.0 1.1526225518162352 1.4727954828763006 0.9285015000741894 3.2017293106006526 3.2017293106006526 2.177175931208444 0.8644669138621763 0.12806917242402613 2.785504500222568 0.5763112759081175 1.2486744311342548 2.0170894656784113 1.8570030001483788 2.9135736726465944 1.8249857070423723 2.9455909657526003 2.9776082588586066 2.0170894656784113
0.0 0.0 0.0 0.0 0.0 0.0 0.0 0.0 0.0 0.0 0.0 0.25613834484805226 0.960518793180196 1.6969165346183464 0.4802593965900979 0.03201729310600653 2.4012969829504893 0.7363977414381502 2.145158638102437 1.5048127759823071 0.0 0.0 0.0 0.5122766896961045 0.6403458621201306 0.6403458621201306 1.6328819484063333 1.7609511208303594 1.6969165346183464 1.5048127759823071 0.0 1.6008646553003267 2.4012969829504893 0.09605187931801959 0.06403458621201306 0.0 0.3521902241660718 0.0 0.0 0.5122766896961044 2.849539086434581 1.1526225518162352 2.0170894656784113 2.6574353277985425 2.561383448480522 2.30524510363247 1.1846398449222417 2.6574353277985416 2.369279689844483 0.3201729310600653 2.4973488622685096 2.9455909657526007 2.1131413449964307 2.7214699140105543 3.2017293106006526 3.2017293106006526 3.2017293106006526
0.0 0.0 0.0 0.0 0.0 0.0 0.0 0.0 0.0 0.25613834484805226 0.25613834484805226 1.921037586360392 0.4162248103780849 0.9925360862862025 0.6403458621201306 0.0 1.2806917242402613 0.06403458621201306 0.0 0.608328569014124 0.0 0.0 0.0 0.0 0.22412105174204572 0.608328569014124 1.7289338277243527 2.0170894656784113 2.5293661553745164 1.4087608966642875 0.03201729310600653 2.145158638102438 2.3692796898444834 0.22412105174204572 1.9530548794663984 0.5442939828021109 0.0 0.0 0.0 0.0 0.7363977414381502 2.0170894656784117 1.1206052587102286 2.0491067587844176 2.497348862268509 0.960518793180196 2.817521793328574 2.2732278105264636 2.1771759312084438 2.2091932243144496 1.1526225518162352 2.273227810526463 1.5368300690883137 2.3372623967384767 2.2091932243144505 1.6008646553003267 2.4333142760564965
0.0 0.0 0.0 0.0 0.0 0.0 0.0 0.0 0.0 1.0565706724982156 1.440778189770294 1.7929684139363657 0.0 1.7929684139363657 2.081124051890424 0.4162248103780849 0.06403458621201306 0.0 0.0 0.0 0.0 0.0 0.0 0.03201729310600653 0.4802593965900979 1.5688473621943202 1.6648992415123398 2.753487207116561 1.6328819484063333 2.3692796898444834 0.0 2.2412105174204564 2.465331569162502 0.960518793180196 0.03201729310600653 0.6403458621201306 0.0 0.6723631552261371 0.0 0.28815563795405874 2.689452620904548 1.6969165346183464 2.0170894656784113 2.689452620904548 2.3052451036324704 2.9776082588586066 3.2017293106006526 2.4333142760564956 1.6969165346183464 2.4973488622685087 2.5613834484805227 1.921037586360392 0.12806917242402613 2.145158638102437 2.8495390864345804 1.6648992415123398 1.56884736219432
0.0 0.0 0.0 0.0 0.0 0.0 0.0 0.0 0.0 0.28815563795405874 1.4727954828763006 0.960518793180196 0.0 0.0 1.1206052587102286 0.8964842069681829 1.3447263104522744 0.8644669138621763 0.38420751727207836 0.4162248103780849 1.2486744311342548 0.3521902241660718 0.0 1.3447263104522744 0.8964842069681829 2.0491067587844176 1.1846398449222417 3.1697120174946463 1.376743603558281 0.9285015000741894 0.0 1.985072172572405 3.2017293106006526 1.7929684139363657 0.0 0.0 0.0 0.16008646553003264 0.0 0.0 0.7684150345441567 1.376743603558281 2.561383448480522 3.2017293106006526 2.081124051890424 2.913573672646594 1.5048127759823071 1.4727954828763006 3.2017293106006526 2.6574353277985425 2.1131413449964302 1.6008646553003265 1.6969165346183464 0.9285015000741894 1.921037586360392 1.6648992415123398 2.561383448480522
0.0 0.0 0.0 0.0 0.0 0.0 0.0 0.0 0.0 0.8964842069681829 1.2486744311342548 0.0 0.0 0.0 1.1206052587102286 0.8964842069681829 0.6403458621201306 0.8644669138621763 1.6008646553003267 1.5688473621943202 2.2412105174204573 0.2881556379540588 1.2806917242402613 1.5048127759823071 2.817521793328574 2.0170894656784113 2.3052451036324695 3.1056774312826327 1.7609511208303594 0.5122766896961044 0.0 2.4973488622685087 2.2412105174204564 2.0170894656784113 0.480259396590098 0.0 0.0 0.0 0.0 0.0 0.0 0.3201729310600653 1.3447263104522744 2.1771759312084433 2.9776082588586075 2.9455909657526003 1.8570030001483788 2.689452620904548 3.2017293106006526 1.9530548794663984 2.4333142760564956 1.6328819484063333 2.593400741586528 1.3447263104522744 2.273227810526463 1.3447263104522744 1.9530548794663984
0.0 0.0 0.0 0.0 0.0 0.0 0.0 0.0 0.0 0.16008646553003264 1.440778189770294 0.0 0.0 0.0 1.2806917242402613 0.0 2.145158638102437 0.8964842069681829 2.689452620904548 2.4973488622685096 0.4162248103780849 1.4087608966642875 2.273227810526463 1.857003000148379 2.273227810526463 2.5293661553745164 2.9776082588586075 2.6894526209045484 1.1846398449222417 0.0 0.25613834484805226 2.689452620904548 2.0170894656784113 3.1056774312826327 1.5688473621943202 0.0 0.0 0.0 0.0 0.0 0.0 1.088587965604222 1.7609511208303594 1.5688473621943202 0.44824210348409144 1.6648992415123398 2.273227810526463 2.561383448480522 1.985072172572405 3.2017293106006526 2.8495390864345813 3.2017293106006526 2.785504500222568 3.009625551964614 2.049106758784418 2.241210517420457 2.4333142760564956
0.0 0.0 0.0 0.0 0.0 0.0 0.0 0.0 0.0 0.0 0.8004323276501633 0.7363977414381502 0.8004323276501633 0.0 1.0565706724982156 1.8249857070423723 0.960518793180196 1.728933827724353 2.8495390864345813 0.22412105174204572 1.8249857070423725 2.273227810526463 2.4012969829504893 2.369279689844483 1.3127090173462679 1.4727954828763006 1.8249857070423725 2.2732278105264636 0.6403458621201306 0.0 0.6723631552261371 2.3372623967384767 2.7214699140105543 1.921037586360392 2.2091932243144496 1.3447263104522744 0.0 0.0 0.0 0.0 0.0 0.8964842069681829 2.689452620904549 2.049106758784418 1.1846398449222417 1.0565706724982156 0.6403458621201306 2.785504500222568 2.9455909657526003 2.3052451036324695 1.2806917242402613 3.2017293106006526 2.3052451036324695 2.6574353277985416 2.273227810526463 2.561383448480522 2.8495390864345804
0.0 0.0 0.0 0.0 0.0 0.0 0.0 0.0 0.06403458621201306 0.0 0.8004323276501633 2.817521793328574 1.440778189770294 0.0 0.8964842069681829 1.728933827724353 0.03201729310600653 0.8324496207561698 1.2486744311342548 0.4802593965900979 1.7289338277243527 1.1206052587102286 0.4802593965900979 0.7043804483321436 1.440778189770294 2.3052451036324695 2.9776082588586066 1.1526225518162352 1.2486744311342548 0.0 0.2881556379540588 2.1131413449964302 3.2017293106006526 2.817521793328574 3.2017293106006526 1.857003000148379 0.6403458621201306 0.44824210348409144 0.0 0.0 0.0 0.3521902241660718 2.4973488622685087 1.8570030001483788 2.913573672646594 3.2017293106006526 2.9776082588586066 3.2017293106006526 2.913573672646594 2.881556379540587 3.0096255519646133 2.5293661553745155 2.8495390864345804 0.960518793180196 2.6574353277985416 2.561383448480522 3.2017293106006526
0.0 0.0 0.0 0.0 0.7684150345441567 0.0 1.2166571380282483 2.2412105174204564 2.049106758784418 0.0 0.16008646553003267 2.049106758784418 1.1846398449222417 0.5442939828021109 0.7684150345441567 2.2091932243144505 0.12806917242402613 1.2806917242402613 0.6403458621201306 0.6723631552261371 0.0 0.25613834484805226 1.6008646553003267 0.8644669138621763 1.6008646553003267 1.9530548794663984 3.04164284507062 2.273227810526464 2.1771759312084433 0.0 2.0170894656784113 1.5368300690883137 2.689452620904548 1.7929684139363657 1.2486744311342548 1.4087608966642875 2.273227810526463 2.0491067587844176 2.1771759312084433 2.273227810526463 2.2412105174204564 3.0096255519646133 2.3692796898444834 2.4012969829504893 1.3447263104522744 2.5293661553745155 1.8570030001483788 1.8890202932543854 3.1697120174946463 2.0491067587844176 3.04164284507062 2.5293661553745155 2.369279689844483 2.561383448480522 2.3372623967384767 1.985072172572405 2.785504500222568
0.0 0.0 0.0 0.03201729310600653 0.9925360862862025 0.5763112759081175 0.7363977414381502 2.0170894656784113 0.7363977414381502 0.7363977414381502 1.5688473621943202 1.7289338277243527 1.8570030001483788 1.7929684139363657 2.2412105174204573 2.625418034692535 0.5122766896961044 0.7363977414381502 0.41622481037808495 0.6723631552261371 0.0 1.9530548794663984 1.921037586360392 1.2806917242402613 1.6008646553003267 2.9455909657526003 1.5368300690883134 2.8495390864345804 2.4973488622685087 1.024553379392209 3.0096255519646133 1.3447263104522744 3.04164284507062 2.4653315691625024 0.608328569014124 0.9285015000741894 2.593400741586528 2.6574353277985416 1.2806917242402613 2.3692796898444826 2.3692796898444826 2.2091932243144505 2.273227810526463 1.9530548794663984 2.4333142760564956 3.2017293106006526 2.5293661553745155 2.9776082588586066 3.2017293106006526 3.2017293106006526 3.1376947243886395 2.337262396738476 2.2091932243144496 1.6969165346183464 0.9285015000741894 0.38420751727207836 3.1376947243886395
0.0 0.0 0.0 0.22412105174204572 1.985072172572405 0.9925360862862025 1.2486744311342548 3.1376947243886395 3.13769472438864 1.376743603558281 2.6254180346925353 2.1131413449964302 2.9455909657526003 1.985072172572405 2.7534872071165615 2.7214699140105543 0.7363977414381502 0.3201729310600653 1.2806917242402613 0.3521902241660718 0.0 1.6648992415123398 1.7609511208303594 1.8890202932543856 2.753487207116561 1.4087608966642875 2.145158638102437 1.3447263104522744 1.7609511208303594 0.9285015000741894 3.073660138176627 1.440778189770294 2.593400741586528 2.081124051890424 2.3052451036324695 1.0565706724982156 2.0811240518904244 2.465331569162503 0.5442939828021109 2.7214699140105543 2.4333142760564965 2.817521793328574 2.913573672646594 2.4012969829504898 1.1526225518162352 2.465331569162502 1.792968413936366 2.2091932243144496 3.2017293106006526 2.273227810526463 2.817521793328574 2.721469914010555 2.049106758784418 1.5048127759823071 1.6008646553003265 0.5763112759081175 2.3372623967384767
0.0 0.0 0.4802593965900979 0.6403458621201306 2.1771759312084433 1.376743603558281 0.4162248103780849 2.5934007415865286 0.6403458621201306 0.8004323276501633 0.7043804483321436 2.465331569162502 2.465331569162503 2.689452620904548 1.985072172572405 2.0170894656784117 0.9925360862862025 0.19210375863603918 1.921037586360392 0.6723631552261371 0.3201729310600653 0.8004323276501633 2.0811240518904244 2.913573672646594 2.4973488622685087 2.145158638102437 3.1697120174946463 3.1056774312826327 1.6969165346183461 0.06403458621201306 1.7289338277243527 2.6574353277985416 2.0491067587844176 3.2017293106006526 2.3692796898444834 2.5613834484805227 0.5122766896961044 0.0 0.0 1.8570030001483788 2.0491067587844176 3.2017293106006526 3.2017293106006526 3.1056774312826327 2.4012969829504893 2.4973488622685087 3.2017293106006526 2.3052451036324704 2.113141344996431 2.7214699140105547 1.9530548794663984 1.6008646553003267 2.4973488622685087 0.7043804483321436 1.3127090173462679 2.753487207116561 2.5293661553745155
0.0 0.0 0.03201729310600653 2.593400741586528 1.6969165346183464 0.5122766896961044 1.6328819484063333 2.7214699140105547 1.8890202932543854 0.960518793180196 2.0811240518904244 3.2017293106006526 2.3372623967384767 3.1376947243886395 2.6574353277985425 2.4973488622685087 0.7043804483321436 0.4162248103780849 1.3127090173462679 0.7363977414381502 2.145158638102437 2.1771759312084433 3.0736601381766264 3.2017293106006526 2.785504500222568 2.6574353277985416 3.0736601381766264 3.0096255519646133 1.9530548794663984 0.03201729310600653 1.8249857070423725 3.0736601381766264 3.1056774312826327 3.2017293106006526 3.2017293106006526 2.2412105174204573 0.0 0.0 0.4162248103780849 2.7214699140105543 2.081124051890424 2.9455909657526003 3.1056774312826327 2.6574353277985416 1.2806917242402613 1.8249857070423723 2.3372623967384767 0.8644669138621763 2.3692796898444826 3.1697120174946463 2.8495390864345804 3.2017293106006526 2.6254180346925358 3.1056774312826327 3.04164284507062 3.0736601381766264 3.2017293106006526
0.8964842069681829 0.03201729310600653 0.8964842069681829 2.561383448480522 1.440778189770294 1.2806917242402613 2.5293661553745155 2.273227810526463 3.0736601381766264 1.7929684139363657 1.6008646553003267 3.04164284507062 3.0736601381766264 3.2017293106006526 1.024553379392209 1.024553379392209 1.376743603558281 2.6574353277985416 1.4727954828763004 1.921037586360392 3.04164284507062 3.2017293106006526 2.8815563795405876 2.9455909657526003 2.7214699140105543 3.2017293106006526 3.2017293106006526 2.7214699140105543 2.5293661553745164 0.5442939828021109 1.6328819484063333 1.985072172572405 2.2412105174204564 3.0736601381766264 2.7214699140105543 2.913573672646594 1.857003000148379 0.1921037586360392 0.12806917242402613 1.6328819484063333 1.5368300690883137 3.009625551964614 3.2017293106006526 3.2017293106006526 3.2017293106006526 3.2017293106006526 3.2017293106006526 3.1056774312826336 2.7214699140105543 2.4012969829504893 2.2412105174204564 3.2017293106006526 2.3052451036324695 2.4973488622685087 2.913573672646594 2.785504500222568 0.3521902241660718
