agricultural_afforestation/data/SOC_1km.txt
nrows     203.0
ncols     198.0
xllcorner     857533.25
yllcorner     4281682.625
cellsize     1000.0
NODATA_value     -9999.0
[rows 100 to 124 of 203, columns 57 to 113 of 198]
0.0 0.0 0.0 0.0 0.7363977414381502 0.0 0.0 0.0 0.0 0.0 0.0 0.0 0.0 0.0 0.0 0.0 0.0 0.0 0.0 0.22412105174204575 2.177175931208444 3.1697120174946463 1.985072172572405 2.4973488622685087 1.3447263104522744 1.2806917242402613 0.22412105174204572 0.0 0.0 0.0 0.0 0.0 0.0 0.0 0.0 0.0 0.0 0.0 0.0 0.0 0.0 0.0 0.0 0.0 0.5442939828021109 0.8004323276501633 2.753487207116561 1.440778189770294 0.8644669138621763 3.2017293106006526 2.817521793328574 2.9776082588586066 3.1376947243886395 1.6648992415123396 2.625418034692535 3.2017293106006526 2.241210517420457
0.0 0.0 0.16008646553003264 0.38420751727207836 0.2881556379540588 0.3521902241660718 0.0 0.06403458621201306 0.0 0.0 0.0 0.0 0.0 0.0 0.0 0.0 0.0 0.0 0.03201729310600653 1.7609511208303592 2.081124051890424 1.921037586360392 1.6328819484063333 2.9776082588586075 2.273227810526464 1.2486744311342548 0.03201729310600653 0.0 0.0 0.0 0.0 0.0 0.0 0.0 0.22412105174204572 0.03201729310600653 0.0 0.0 0.0 0.0 0.0 0.03201729310600653 0.0 0.0 0.16008646553003267 1.728933827724353 2.6894526209045484 1.376743603558281 2.081124051890424 2.081124051890424 3.2017293106006526 3.2017293106006526 3.2017293106006526 2.6254180346925358 2.881556379540587 3.2017293106006526 2.6574353277985425
0.0 0.0 0.0 0.0 0.0 0.0 0.0 0.06403458621201306 0.0 0.2881556379540588 0.0 0.0 0.0 0.0 0.0 0.0 0.0 0.0 1.376743603558281 2.4973488622685087 2.1771759312084438 2.145158638102437 2.7855045002225682 0.8644669138621763 0.608328569014124 0.06403458621201306 0.12806917242402613 0.0 0.0 0.0 0.0 0.0 0.0 1.1206052587102286 1.024553379392209 1.728933827724353 0.0 0.0 0.5442939828021109 1.088587965604222 1.8570030001483788 2.593400741586528 1.5048127759823071 1.2806917242402613 1.8890202932543854 2.689452620904548 2.8495390864345804 2.913573672646594 3.1056774312826336 2.7214699140105543 1.8249857070423723 3.1376947243886395 1.4727954828763006 2.2412105174204564 3.1056774312826327 2.273227810526463 0.16008646553003264
0.0 0.0 0.0 0.16008646553003267 0.5442939828021109 0.09605187931801959 0.0 0.0 0.5763112759081175 0.16008646553003267 0.0 0.0 0.0 0.0 0.0 0.0 0.0 0.0 1.7609511208303592 2.2091932243144505 1.8890202932543854 1.8890202932543854 2.0170894656784113 1.8249857070423723 0.7043804483321436 0.0 0.12806917242402613 0.0 0.0 0.0 0.0 0.0 0.0 2.0170894656784113 1.8249857070423723 2.465331569162502 0.6403458621201306 1.0565706724982156 0.4482421034840914 1.2806917242402613 2.625418034692535 2.753487207116562 1.6648992415123396 3.2017293106006526 3.2017293106006526 3.2017293106006526 3.2017293106006526 3.073660138176627 3.04164284507062 2.049106758784418 1.2806917242402613 2.3692796898444826 3.1056774312826327 1.1206052587102286 2.8495390864345813 2.657435327798542 1.4087608966642875
0.0 0.0 0.0 0.0 0.0 0.0 0.0 0.0 0.06403458621201306 0.0 0.0 0.0 0.0 0.0 0.0 0.0 0.0 1.3127090173462679 2.817521793328574 2.593400741586528 1.792968413936366 2.497348862268509 0.8324496207561698 0.06403458621201306 0.03201729310600653 0.4162248103780849 2.145158638102437 0.16008646553003264 0.0 0.0 0.0 0.0 0.0 1.6648992415123398 2.145158638102437 2.4012969829504898 2.913573672646594 2.4333142760564965 0.22412105174204572 2.625418034692535 2.4333142760564956 2.40129698295049 1.921037586360392 3.2017293106006526 2.273227810526464 2.5293661553745155 2.465331569162503 0.19210375863603918 1.8249857070423723 0.0 0.5763112759081175 1.5048127759823071 3.2017293106006526 0.5763112759081175 0.7043804483321436 2.0491067587844176 2.6574353277985416
0.0 0.0 0.0 0.0 0.0 0.0 0.0 0.0 0.0 0.0 0.0 0.16008646553003267 0.0 0.0 0.0 0.0 0.0 1.1846398449222417 2.913573672646594 2.0811240518904244 1.8890202932543854 0.2561383448480522 0.0 0.0 0.0 0.5122766896961044 1.8570030001483788 2.4012969829504898 1.1206052587102286 1.6969165346183464 0.7684150345441567 0.0 0.0 0.6723631552261371 0.5763112759081176 1.024553379392209 1.2806917242402613 2.881556379540587 0.7363977414381502 3.1056774312826327 3.13769472438864 0.8964842069681829 2.3692796898444834 2.785504500222568 0.4802593965900979 2.5293661553745155 1.9530548794663987 1.4087608966642875 2.4012969829504893 2.3692796898444826 1.7929684139363657 1.0565706724982156 1.8570030001483788 2.5293661553745164 0.2881556379540588 1.2806917242402613 2.8175217933285746
0.0 0.0 0.0 0.0 0.0 0.0 0.0 0.0 0.0 0.0 0.0 0.8004323276501633 0.9285015000741894 0.0 0.0 0.0 0.0 0.0 1.3447263104522744 0.3521902241660718 0.19210375863603918 0.0 0.0 0.0 0.0 0.0 0.0 2.273227810526463 1.7289338277243527 3.04164284507062 2.7534872071165615 2.2732278105264636 0.6403458621201306 0.7043804483321436 2.9776082588586066 1.024553379392209 1.2806917242402613 3.2017293106006526 3.0096255519646133 2.2091932243144496 2.0170894656784117 0.06403458621201306 1.1526225518162352 2.6574353277985416 1.6328819484063333 2.753487207116561 2.4973488622685087 2.30524510363247 3.2017293106006526 2.721469914010555 2.2091932243144505 2.8495390864345804 2.9776082588586066 1.7609511208303594 2.7214699140105547 0.22412105174204572 2.6574353277985416
0.0 0.0 0.0 0.0 0.0 0.0 0.0 0.0 0.0 0.03201729310600653 1.4727954828763006 2.3052451036324695 0.5442939828021109 0.0 0.0 0.0 0.0 0.06403458621201306 1.1526225518162352 0.8644669138621763 1.8890202932543854 0.19210375863603918 0.0 0.0 0.0 0.09605187931801959 1.3127090173462679 0.06403458621201306 0.7043804483321436 0.7043804483321436 0.960518793180196 0.12806917242402613 0.12806917242402613 0.44824210348409144 2.2091932243144496 2.849539086434581 1.6648992415123398 2.081124051890424 2.9455909657526003 3.2017293106006526 2.1131413449964302 1.2166571380282483 2.3052451036324704 2.3692796898444826 1.5048127759823071 2.8495390864345804 2.5293661553745155 1.8249857070423725 3.2017293106006526 2.433314276056496 0.9285015000741894 2.337262396738476 3.2017293106006526 2.913573672646594 2.241210517420457 0.2561383448480522 3.2017293106006526
0.0 0.0 0.0 0.0 0.0 0.0 0.0 0.0 0.0 1.4727954828763006 2.465331569162502 1.6969165346183464 0.2881556379540588 1.376743603558281 1.9530548794663984 0.0 0.0 0.19210375863603918 2.337262396738476 2.3052451036324704 1.5688473621943202 0.25613834484805226 0.0 0.0 0.0 0.544293982802111 1.4087608966642875 1.5368300690883137 1.7609511208303594 2.881556379540588 2.561383448480522 2.3692796898444826 0.9925360862862025 2.7214699140105543 2.785504500222568 1.7609511208303594 1.728933827724353 2.145158638102437 1.6328819484063333 2.0170894656784113 3.04164284507062 3.2017293106006526 2.4653315691625024 1.4087608966642875 1.2166571380282483 3.0096255519646133 1.7289338277243527 1.5368300690883134 3.2017293106006526 3.2017293106006526 2.6254180346925358 2.9455909657526003 2.785504500222568 3.1056774312826327 2.5613834484805227 1.1846398449222417 2.3052451036324695
0.0 0.0 0.0 0.0 0.0 0.0 0.0 0.0 0.0 0.7684150345441567 0.9285015000741894 0.25613834484805226 1.1846398449222417 1.8249857070423723 0.28815563795405874 0.0 0.0 0.8004323276501633 2.3692796898444826 0.8964842069681829 0.8324496207561698 0.7043804483321436 1.376743603558281 0.0 1.1206052587102286 2.9776082588586066 2.881556379540587 1.985072172572405 2.465331569162502 2.3052451036324695 0.9285015000741894 1.440778189770294 2.625418034692535 3.1056774312826327 1.6328819484063333 1.1526225518162352 0.38420751727207836 0.3201729310600653 0.9925360862862025 0.38420751727207836 2.7534872071165615 2.817521793328574 1.8570030001483788 0.0 0.6403458621201306 1.8570030001483788 0.12806917242402613 1.2806917242402613 2.625418034692535 2.593400741586529 1.6328819484063333 2.7534872071165615 1.985072172572405 2.881556379540587 2.593400741586528 0.22412105174204572 2.753487207116561
0.0 0.0 0.0 0.0 0.0 0.0 0.0 0.0 0.0 0.0 0.0 0.5763112759081175 1.3447263104522744 1.8570030001483788 0.28815563795405874 0.22412105174204575 1.2806917242402613 2.9455909657526003 1.9530548794663984 2.6574353277985425 0.7363977414381502 2.0491067587844176 2.273227810526464 1.2166571380282483 1.985072172572405 1.088587965604222 2.2091932243144505 3.1376947243886395 2.881556379540587 1.8890202932543854 0.6403458621201306 2.2091932243144496 2.465331569162502 2.593400741586529 1.9530548794663984 2.3052451036324695 0.03201729310600653 0.0 0.0 0.6723631552261371 1.1526225518162352 1.376743603558281 1.8249857070423723 1.1846398449222417 2.113141344996431 2.753487207116561 0.4162248103780849 2.4333142760564956 2.817521793328574 0.7043804483321436 1.024553379392209 2.497348862268509 2.7534872071165615 3.2017293106006526 2.4333142760564965 0.6403458621201306 1.2486744311342548
0.0 0.0 0.0 0.0 0.0 0.0 0.0 0.0 0.0 0.0 0.16008646553003264 1.2486744311342548 1.024553379392209 2.6574353277985416 2.0170894656784117 2.689452620904548 1.6008646553003267 2.4012969829504898 0.38420751727207836 1.56884736219432 1.6969165346183464 2.2412105174204564 0.6403458621201306 2.337262396738476 3.1376947243886395 3.04164284507062 2.8495390864345804 3.2017293106006526 3.2017293106006526 2.113141344996431 1.728933827724353 2.113141344996431 2.5613834484805222 2.4012969829504893 2.4012969829504893 2.625418034692535 2.30524510363247 0.06403458621201306 2.081124051890424 2.5613834484805227 0.7684150345441567 2.465331569162503 2.4333142760564956 2.4973488622685087 1.0565706724982156 3.0736601381766264 1.6008646553003267 3.2017293106006526 1.7609511208303594 0.9285015000741894 0.7363977414381502 0.8964842069681829 1.2806917242402613 2.7214699140105543 0.8644669138621763 0.41622481037808484 0.28815563795405874
0.0 0.0 0.0 0.0 0.0 0.0 1.4727954828763006 1.5048127759823071 2.2412105174204564 0.9925360862862025 1.6008646553003267 2.2732278105264636 2.8495390864345804 2.721469914010555 1.2486744311342548 2.2412105174204564 2.145158638102438 2.881556379540587 1.7289338277243527 3.2017293106006526 3.2017293106006526 3.2017293106006526 3.1697120174946463 3.2017293106006526 2.8495390864345813 1.440778189770294 0.8644669138621763 2.8495390864345804 3.2017293106006526 2.049106758784418 2.2091932243144496 1.440778189770294 1.728933827724353 1.2166571380282483 0.8324496207561698 2.1771759312084433 1.3447263104522742 1.3127090173462679 1.1846398449222417 1.3127090173462679 1.2166571380282483 1.857003000148379 1.4727954828763006 3.0096255519646133 2.273227810526463 2.593400741586529 1.792968413936366 3.009625551964614 1.2806917242402613 1.6008646553003267 2.881556379540587 2.049106758784418 1.7289338277243527 2.3372623967384767 2.721469914010555 1.2166571380282483 0.03201729310600653
0.0 0.0 0.0 0.0 0.0 0.1921037586360392 1.2806917242402613 2.9455909657526003 3.2017293106006526 2.6254180346925353 1.1526225518162352 1.7609511208303594 1.921037586360392 0.7363977414381502 0.0 0.9925360862862025 1.6648992415123398 1.921037586360392 2.9776082588586066 3.2017293106006526 3.2017293106006526 3.2017293106006526 3.2017293106006526 3.0736601381766264 0.44824210348409144 1.6008646553003267 0.3521902241660718 1.4087608966642875 1.1206052587102286 0.44824210348409144 0.960518793180196 0.44824210348409144 1.376743603558281 2.3692796898444826 3.0096255519646133 2.753487207116561 0.2881556379540588 1.024553379392209 1.2806917242402613 0.03201729310600653 1.6328819484063333 2.8495390864345804 1.8249857070423725 2.8495390864345813 2.113141344996431 2.0170894656784113 1.8890202932543856 3.1697120174946463 2.689452620904548 1.5368300690883137 2.273227810526463 0.2881556379540588 1.2166571380282483 0.5763112759081175 1.1206052587102286 0.0 0.0
0.0 0.0 0.0 0.0 0.0 0.5122766896961044 0.7684150345441567 1.5368300690883137 2.9776082588586066 2.6894526209045484 2.0811240518904244 2.7534872071165615 1.2166571380282483 0.12806917242402613 0.0 0.0 0.3521902241660718 2.913573672646594 3.1056774312826327 3.2017293106006526 3.2017293106006526 3.2017293106006526 3.2017293106006526 3.0736601381766264 0.480259396590098 0.4802593965900979 0.6723631552261371 0.0 0.0 0.0 2.4012969829504893 1.0565706724982156 0.6723631552261371 1.3127090173462679 1.8890202932543856 2.817521793328574 1.4087608966642875 1.5048127759823071 1.792968413936366 0.8324496207561698 1.7929684139363657 0.7363977414381502 0.06403458621201306 0.0 0.0 1.1206052587102286 0.8964842069681829 3.1697120174946463 2.40129698295049 1.376743603558281 1.985072172572405 2.273227810526464 1.6328819484063333 0.7363977414381502 0.09605187931801959 0.0 0.0
0.0 0.0 0.0 0.0 0.22412105174204572 0.7043804483321436 0.7043804483321436 1.2166571380282483 1.2486744311342548 1.2166571380282483 0.12806917242402613 0.5122766896961044 0.0 0.0 0.0 0.0 0.0 2.689452620904548 3.2017293106006526 3.2017293106006526 3.2017293106006526 3.2017293106006526 3.2017293106006526 1.9210375863603921 0.25613834484805226 0.25613834484805226 0.0 0.0 0.0 1.5688473621943202 1.7289338277243527 1.4087608966642875 1.2166571380282483 0.7684150345441567 2.593400741586529 0.9285015000741894 2.0170894656784113 1.5048127759823071 2.177175931208444 0.6723631552261371 0.3201729310600653 2.6574353277985416 1.024553379392209 2.433314276056496 0.9925360862862025 1.3127090173462679 2.4333142760564956 2.881556379540587 1.7289338277243527 1.8570030001483788 0.8324496207561698 1.6648992415123398 1.985072172572405 1.4087608966642875 1.0565706724982156 0.0 0.0
0.0 0.0 0.0 0.19210375863603918 0.480259396590098 0.44824210348409144 1.440778189770294 1.6969165346183461 0.12806917242402613 0.0 0.0 0.0 0.0 0.0 0.0 0.0 0.0 2.1131413449964302 2.8815563795405876 1.985072172572405 2.881556379540587 3.2017293106006526 3.2017293106006526 2.3052451036324704 2.1771759312084433 1.7609511208303592 0.0 0.0 0.8324496207561698 3.13769472438864 1.4087608966642875 0.22412105174204572 1.2806917242402613 1.921037586360392 1.9530548794663984 3.1056774312826327 2.4012969829504893 0.7684150345441567 1.1846398449222417 0.8644669138621763 0.16008646553003267 1.6328819484063333 0.38420751727207836 0.7684150345441567 1.8890202932543856 1.4727954828763006 2.0811240518904244 1.8890202932543854 1.921037586360392 0.38420751727207836 0.3201729310600653 0.22412105174204572 0.41622481037808484 1.8890202932543856 0.9925360862862025 0.0 0.0
1.6648992415123398 1.2806917242402613 0.4162248103780849 0.3201729310600653 0.608328569014124 0.0 0.19210375863603918 0.28815563795405874 0.0 0.0 0.0 0.0 0.0 0.0 0.0 0.0 0.0 0.4162248103780849 0.7363977414381502 2.049106758784418 1.5048127759823071 2.689452620904548 1.5368300690883137 2.337262396738476 3.0096255519646133 1.3127090173462679 0.0 0.0 0.06403458621201306 0.16008646553003264 0.0 0.06403458621201306 1.7289338277243527 0.8644669138621763 0.38420751727207836 1.024553379392209 1.1846398449222417 0.0 0.0 0.0 1.3447263104522744 2.9776082588586066 1.440778189770294 0.0 0.03201729310600653 1.0565706724982156 1.5368300690883137 0.0 1.6648992415123398 0.8964842069681829 0.0 0.0 0.0 0.0 0.0 0.0 0.0
3.2017293106006526 3.2017293106006526 3.1697120174946463 2.785504500222568 1.088587965604222 0.12806917242402613 0.0 0.0 0.0 0.0 0.0 0.0 0.0 0.0 0.0 0.0 0.4162248103780849 1.6008646553003267 2.2412105174204564 2.0491067587844176 0.8004323276501633 1.921037586360392 0.38420751727207836 0.6403458621201306 1.857003000148379 1.088587965604222 0.03201729310600653 0.480259396590098 0.0 0.0 0.0 0.608328569014124 0.16008646553003264 1.6969165346183464 2.657435327798542 2.593400741586529 0.0 0.06403458621201306 0.9925360862862025 0.480259396590098 1.7929684139363657 1.6008646553003267 0.8644669138621763 0.25613834484805226 2.0170894656784113 1.2166571380282483 0.8324496207561698 2.3052451036324695 2.3052451036324704 2.913573672646594 2.0170894656784113 0.0 0.0 0.0 0.0 0.0 0.0
3.2017293106006526 3.2017293106006526 2.785504500222568 2.8495390864345813 0.608328569014124 0.0 0.0 0.0 0.0 0.0 0.0 0.0 0.0 0.0 0.0 0.5763112759081176 2.145158638102438 0.9285015000741894 3.2017293106006526 3.2017293106006526 2.4333142760564956 2.625418034692535 1.6328819484063333 0.6403458621201306 2.0811240518904244 1.3127090173462679 0.5763112759081175 1.6969165346183464 0.0 0.0 0.608328569014124 0.8964842069681829 0.0 2.337262396738476 0.7043804483321436 2.593400741586528 0.3521902241660718 0.960518793180196 3.1376947243886395 2.4012969829504893 0.608328569014124 2.913573672646594 2.721469914010555 0.7684150345441567 1.8890202932543854 0.9925360862862025 2.593400741586528 2.4333142760564965 1.4087608966642875 1.4087608966642875 2.657435327798542 1.5048127759823071 0.0 0.0 0.0 0.0 0.0
3.2017293106006526 3.2017293106006526 3.2017293106006526 2.849539086434581 0.0 0.0 0.0 0.0 0.0 0.0 0.0 0.0 0.0 0.8004323276501633 0.6403458621201306 1.7929684139363657 0.9925360862862025 0.06403458621201306 1.9530548794663987 3.2017293106006526 3.2017293106006526 2.6574353277985416 2.2091932243144496 0.09605187931801959 0.7684150345441567 0.6403458621201306 1.792968413936366 0.5122766896961044 0.09605187931801959 0.0 0.0 0.0 0.0 0.608328569014124 0.03201729310600653 0.19210375863603918 0.03201729310600653 0.28815563795405874 1.2806917242402613 0.608328569014124 0.2881556379540588 1.985072172572405 0.06403458621201306 1.024553379392209 1.6008646553003267 1.7609511208303594 1.2806917242402613 2.273227810526463 2.3692796898444826 0.6403458621201306 0.19210375863603918 0.09605187931801959 0.0 0.0 0.0 0.0 0.0
3.2017293106006526 3.2017293106006526 3.2017293106006526 1.440778189770294 0.0 0.0 0.0 0.0 0.0 0.0 0.0 0.0 0.22412105174204575 2.593400741586528 2.593400741586528 1.6328819484063333 2.0811240518904244 1.5368300690883137 0.960518793180196 2.6574353277985416 2.6574353277985416 2.2091932243144505 1.6008646553003267 1.6969165346183464 2.049106758784418 1.8890202932543854 1.5368300690883137 0.960518793180196 1.8249857070423725 1.1846398449222417 0.0 0.0 0.0 0.0 0.0 0.0 0.0 0.0 0.0 0.0 0.0 0.0 0.7684150345441567 3.2017293106006526 0.8964842069681829 0.19210375863603918 1.4727954828763006 2.5613834484805227 2.177175931208444 1.6969165346183464 1.0565706724982156 0.03201729310600653 0.0 0.0 0.0 0.0 0.1921037586360392
2.3692796898444834 1.6969165346183464 2.2732278105264636 0.0 0.0 0.0 0.0 0.0 0.0 0.0 0.0 0.0 0.22412105174204572 1.088587965604222 2.3372623967384767 0.8964842069681829 1.1526225518162352 2.817521793328574 3.2017293106006526 2.593400741586529 1.985072172572405 0.19210375863603918 2.145158638102437 2.9455909657526007 0.4162248103780849 0.06403458621201306 2.9455909657526003 2.4973488622685087 1.1846398449222417 2.3052451036324695 0.38420751727207836 0.0 0.0 0.0 0.0 0.0 0.0 0.0 0.0 0.0 0.0 0.0 0.6403458621201306 3.2017293106006526 2.049106758784418 0.5763112759081175 1.2166571380282483 0.7043804483321436 1.8249857070423725 1.6008646553003267 1.1206052587102286 0.8644669138621763 0.0 0.0 0.6403458621201306 0.0 1.6648992415123398
0.38420751727207836 0.44824210348409144 0.7043804483321436 0.0 0.0 0.0 0.0 0.0 0.0 0.0 0.0 0.0 0.22412105174204575 1.7609511208303594 2.6574353277985416 0.960518793180196 2.497348862268509 1.2486744311342548 2.049106758784418 1.024553379392209 0.03201729310600653 1.1206052587102286 0.6403458621201306 2.3372623967384767 0.03201729310600653 0.0 0.9925360862862025 2.3052451036324695 2.1771759312084433 1.088587965604222 2.625418034692535 1.2806917242402613 0.0 0.0 0.0 0.0 0.0 0.0 0.0 0.0 0.0 0.0 1.3447263104522744 1.1206052587102286 0.03201729310600653 0.0 2.4973488622685087 2.689452620904548 3.0096255519646133 0.8004323276501633 0.0 0.0 0.16008646553003267 0.0 2.9776082588586066 1.2486744311342548 2.145158638102437
0.03201729310600653 0.0 0.0 0.0 0.0 0.0 0.0 0.0 0.0 0.0 0.0 0.0 0.0 1.3447263104522744 2.913573672646594 1.8570030001483788 1.921037586360392 2.561383448480522 2.4333142760564956 2.177175931208444 1.4727954828763006 2.0170894656784113 2.081124051890424 1.1206052587102286 2.0811240518904244 1.8570030001483788 0.09605187931801959 2.9776082588586066 2.273227810526463 2.753487207116561 2.20919322431445 1.8249857070423723 0.0 0.0 0.0 0.0 0.0 0.0 0.0 0.0 0.0 0.0 2.4333142760564956 2.6574353277985416 0.28815563795405874 0.03201729310600653 2.3692796898444826 1.6008646553003267 1.6328819484063333 1.6969165346183464 0.03201729310600653 0.0 1.0565706724982156 2.2412105174204564 3.2017293106006526 3.2017293106006526 3.2017293106006526
