agricultural_afforestation/data/SOC_1km.txt
nrows     203.0
ncols     198.0
xllcorner     857533.25
yllcorner     4281682.625
cellsize     1000.0
NODATA_value     -9999.0
[rows 75 to 99 of 203, columns 114 to 170 of 198]
0.0 0.0 0.0 0.0 0.32017293106006534 2.817521793328574 2.5293661553745155 2.753487207116561 1.6648992415123398 1.5368300690883137 1.4727954828763006 1.024553379392209 1.2806917242402613 1.024553379392209 1.56884736219432 1.8249857070423723 1.3447263104522744 0.0 0.8964842069681829 2.4333142760564965 2.049106758784418 0.7043804483321436 0.6723631552261371 1.2806917242402613 0.03201729310600653 0.0 0.0 1.6328819484063333 0.19210375863603918 0.0 0.0 0.0 0.0 0.0 0.0 0.0 0.0 0.0 0.2881556379540588 0.3201729310600653 0.0 0.0 0.0 0.0 0.16008646553003264 1.6328819484063333 0.16008646553003267 0.12806917242402613 0.0 0.0 0.0 0.0 0.0 0.0 0.0 0.0 0.0
0.0 0.0 0.8004323276501633 1.2806917242402613 1.4087608966642875 2.817521793328574 1.6648992415123396 2.9776082588586066 2.081124051890424 1.7289338277243527 2.049106758784418 2.3692796898444826 0.9285015000741894 1.8890202932543854 0.28815563795405874 0.8004323276501633 0.7043804483321436 0.0 0.5763112759081176 0.16008646553003264 0.16008646553003267 2.177175931208444 2.7214699140105543 0.6723631552261371 0.0 0.0 0.0 0.25613834484805226 0.44824210348409144 0.0 0.0 0.0 0.0 0.0 0.0 0.22412105174204572 0.8644669138621763 1.8249857070423723 2.273227810526464 0.19210375863603918 0.3201729310600653 0.0 0.0 0.0 0.0 0.0 0.0 0.09605187931801959 0.0 0.0 0.0 0.0 0.0 0.0 0.0 0.0 0.0
0.1921037586360392 1.985072172572405 2.273227810526463 0.6403458621201306 1.8570030001483788 2.593400741586529 2.4333142760564956 1.6008646553003265 2.625418034692535 1.921037586360392 1.088587965604222 3.1697120174946463 0.6403458621201306 1.024553379392209 2.145158638102437 0.3201729310600653 0.6403458621201306 0.03201729310600653 0.7043804483321436 0.44824210348409144 0.28815563795405874 0.7684150345441567 1.2806917242402613 0.03201729310600653 0.0 0.0 0.0 0.09605187931801959 0.22412105174204572 0.0 0.3201729310600653 1.088587965604222 0.0 0.0 0.0 0.0 0.8324496207561698 0.9925360862862025 0.28815563795405874 0.0 0.0 0.0 0.0 0.3521902241660718 1.3447263104522744 0.3521902241660718 0.0 0.0 0.0 0.0 0.0 0.0 0.0 0.0 0.0 0.0 0.0
1.1206052587102286 1.1846398449222417 2.1771759312084433 2.977608258858607 2.9455909657526003 1.6008646553003267 2.9455909657526003 1.921037586360392 1.6648992415123398 2.081124051890424 2.7855045002225687 1.8890202932543856 0.9925360862862025 1.728933827724353 2.561383448480522 0.8324496207561698 1.376743603558281 0.8964842069681829 1.6648992415123396 0.6403458621201306 0.0 0.9925360862862025 1.1526225518162352 0.0 0.0 0.28815563795405874 0.0 1.6008646553003267 1.088587965604222 0.0 0.06403458621201306 0.8004323276501633 0.0 0.0 0.0 0.3201729310600653 0.28815563795405874 0.03201729310600653 0.0 0.0 0.0 0.0 0.0 0.2881556379540588 0.9285015000741894 0.6403458621201306 0.28815563795405874 0.0 0.0 0.0 0.0 0.0 0.0 0.0 0.0 0.0 0.0
0.38420751727207836 0.0 0.4482421034840915 2.1771759312084433 1.376743603558281 2.9455909657526003 3.2017293106006526 3.1056774312826327 3.2017293106006526 3.1697120174946463 0.3201729310600653 0.16008646553003267 0.06403458621201306 1.5048127759823071 1.1846398449222417 0.9285015000741894 0.28815563795405874 0.0 2.1131413449964307 1.5048127759823071 0.8964842069681829 0.0 0.0 0.0 0.0 0.06403458621201306 0.9925360862862025 1.9530548794663984 1.3447263104522744 0.03201729310600653 0.0 0.0 0.0 0.0 0.0 0.0 0.0 0.0 0.0 0.0 0.0 0.0 0.5763112759081175 0.0 0.12806917242402613 0.5122766896961044 0.0 0.0 0.0 0.0 0.0 0.0 0.0 0.0 0.0 0.0 0.0
0.0 0.6723631552261371 2.369279689844483 3.105677431282633 2.561383448480522 2.5613834484805227 0.8964842069681829 2.817521793328574 2.177175931208444 2.689452620904548 2.3692796898444826 2.689452620904548 2.2091932243144505 0.4162248103780849 1.3127090173462679 0.0 0.6083285690141241 0.7363977414381502 0.09605187931801959 2.3052451036324704 0.960518793180196 0.1921037586360392 1.0565706724982156 0.19210375863603918 0.0 0.28815563795405874 1.4087608966642875 0.3201729310600653 0.22412105174204572 0.8964842069681829 0.7684150345441567 0.16008646553003264 0.0 0.0 0.0 0.0 0.0 0.0 0.0 0.0 0.0 0.0 0.0 0.0 0.0 0.0 0.0 0.0 0.0 0.0 0.0 0.0 0.0 0.0 0.0 0.0 0.0
0.0 0.06403458621201306 2.881556379540587 1.7609511208303594 1.2806917242402613 2.4012969829504893 2.6574353277985416 3.2017293106006526 1.1846398449222417 1.8570030001483788 3.2017293106006526 3.2017293106006526 1.2806917242402613 0.8004323276501633 0.0 0.0 0.28815563795405874 0.5122766896961044 0.0 0.0 0.16008646553003264 0.19210375863603918 0.9285015000741894 0.28815563795405874 0.0 0.0 0.0 0.0 0.0 0.28815563795405874 0.608328569014124 0.0 0.0 0.0 0.0 0.0 0.0 0.0 0.0 0.0 0.7043804483321436 0.09605187931801959 0.0 0.0 0.03201729310600653 0.5763112759081175 0.0 0.28815563795405874 0.12806917242402613 0.0 0.0 0.0 0.0 0.0 0.0 0.0 0.0
0.0 0.22412105174204572 2.9776082588586075 1.985072172572405 2.2412105174204573 2.5293661553745164 2.3372623967384767 1.6969165346183464 3.2017293106006526 3.1376947243886395 2.7214699140105543 1.6328819484063333 1.440778189770294 0.0 0.0 0.0 0.0 0.0 0.0 0.0 0.0 0.0 0.0 0.0 0.0 0.6083285690141241 0.8324496207561698 1.2486744311342548 0.3521902241660718 0.0 0.0 0.0 0.0 0.0 0.0 0.0 0.0 0.0 0.0 0.0 1.1206052587102286 0.03201729310600653 0.8324496207561698 0.9285015000741894 0.9925360862862025 0.6403458621201306 0.0 0.0 0.28815563795405874 0.0 0.0 0.0 0.0 0.0 0.0 0.0 0.0
0.0 0.0 0.960518793180196 2.369279689844483 2.5934007415865286 1.985072172572405 1.4727954828763006 2.7855045002225682 1.985072172572405 1.6648992415123398 2.9455909657526003 3.2017293106006526 1.3447263104522744 0.0 0.0 0.0 0.0 0.0 0.0 0.0 0.0 0.0 0.0 0.0 0.0 1.024553379392209 2.785504500222568 1.440778189770294 0.09605187931801959 0.0 0.0 0.0 0.19210375863603918 0.5763112759081175 0.0 0.0 0.0 0.0 0.0 0.7684150345441567 1.9530548794663984 2.177175931208444 0.5122766896961044 0.0 0.0 0.6723631552261371 0.7043804483321436 0.09605187931801959 0.0 0.0 0.0 0.0 0.0 0.0 0.0 0.0 0.0
0.0 0.16008646553003267 2.881556379540587 2.4333142760564956 1.7929684139363657 2.8495390864345804 3.0096255519646133 2.241210517420457 1.1526225518162352 3.2017293106006526 3.1056774312826327 2.4012969829504893 0.3201729310600653 0.0 0.0 0.0 0.0 0.6723631552261371 1.7289338277243527 0.3521902241660719 0.5763112759081175 0.22412105174204572 0.0 0.0 0.0 0.03201729310600653 0.5763112759081175 0.4162248103780849 0.0 0.0 0.0 0.0 0.0 0.09605187931801959 0.0 0.16008646553003267 0.0 0.0 0.16008646553003267 1.5048127759823071 0.16008646553003264 0.9285015000741894 0.19210375863603918 0.0 0.0 0.0 0.38420751727207836 0.0 0.0 0.0 0.0 0.0 0.0 0.0 0.0 0.0 0.0
0.0 0.0 0.6723631552261371 1.5048127759823071 2.7214699140105547 3.2017293106006526 1.7609511208303592 1.2806917242402613 0.12806917242402613 1.376743603558281 2.2091932243144505 1.1526225518162352 0.0 0.0 0.0 0.0 0.44824210348409144 2.1451586381024375 1.8890202932543854 2.369279689844483 1.7929684139363657 0.960518793180196 0.0 0.0 0.0 0.03201729310600653 1.7609511208303592 1.3447263104522744 0.0 0.0 0.0 0.0 0.0 0.0 0.2881556379540588 0.44824210348409144 0.0 0.0 1.3127090173462679 3.0736601381766264 1.7289338277243527 0.0 0.0 0.0 0.0 0.0 0.0 0.0 0.0 0.0 0.0 0.0 0.0 0.0 0.0 0.0 0.0
0.0 0.0 0.0 0.0 2.1131413449964302 3.2017293106006526 1.8570030001483788 2.6574353277985416 1.6969165346183464 1.8570030001483788 1.9530548794663984 0.28815563795405874 0.0 0.0 0.0 1.3127090173462679 2.0170894656784113 1.6969165346183464 1.7929684139363657 2.5613834484805222 0.06403458621201306 0.0 0.0 0.0 0.06403458621201306 1.088587965604222 2.4653315691625024 1.6008646553003265 0.12806917242402613 0.0 0.0 0.0 0.3521902241660718 0.38420751727207836 0.4482421034840914 0.16008646553003264 0.0 0.5763112759081175 2.7534872071165615 3.0736601381766264 2.2412105174204564 0.19210375863603918 0.0 0.0 0.0 0.0 0.0 0.0 0.0 0.0 0.0 0.0 0.0 0.0 0.0 0.0 0.0
0.0 0.0 0.0 0.19210375863603918 2.4973488622685096 3.2017293106006526 2.817521793328575 2.913573672646594 3.2017293106006526 2.9776082588586066 1.5368300690883134 0.09605187931801959 0.0 0.0 0.6403458621201306 2.4333142760564965 2.5293661553745164 0.5122766896961044 0.8644669138621763 0.960518793180196 0.16008646553003267 0.0 0.0 0.0 1.0565706724982156 3.2017293106006526 1.5048127759823071 0.06403458621201306 0.0 0.0 0.0 0.0 0.0 0.22412105174204572 1.4087608966642875 2.0491067587844176 0.28815563795405874 0.06403458621201306 0.5442939828021109 2.177175931208444 1.8570030001483788 0.09605187931801959 0.0 0.0 0.0 0.09605187931801959 0.0 0.0 0.0 0.0 0.0 0.0 0.0 0.0 0.0 0.0 0.0
0.0 0.0 0.7684150345441567 1.3127090173462679 2.081124051890424 3.2017293106006526 2.561383448480522 1.7609511208303594 1.6969165346183464 1.6969165346183461 1.5688473621943202 0.4162248103780849 0.09605187931801959 0.8964842069681829 1.6008646553003267 1.1206052587102286 1.088587965604222 0.22412105174204572 0.0 0.03201729310600653 0.0 0.0 0.0 0.0 0.38420751727207836 1.3447263104522744 1.6328819484063333 0.6723631552261371 0.0 0.03201729310600653 0.16008646553003264 0.0 0.0 0.0 0.8004323276501633 0.06403458621201306 1.1846398449222417 0.8004323276501633 0.0 1.376743603558281 1.3447263104522744 0.0 0.0 0.0 0.0 0.7684150345441567 0.3521902241660718 0.0 0.12806917242402613 0.09605187931801959 0.0 0.0 0.0 0.0 0.0 0.0 0.0
0.25613834484805226 0.5122766896961045 1.728933827724353 2.561383448480522 2.5293661553745155 2.6254180346925358 2.2091932243144496 2.3692796898444826 1.8249857070423723 1.5048127759823071 0.0 0.2881556379540588 2.5293661553745155 1.6648992415123396 1.2166571380282483 0.06403458621201306 0.0 0.0 0.3201729310600653 0.09605187931801959 0.0 0.0 0.0 0.0 1.1846398449222417 0.7043804483321436 2.817521793328574 0.8324496207561698 0.0 0.0 0.0 0.0 0.8964842069681829 0.9925360862862025 0.5122766896961044 0.7363977414381502 2.20919322431445 0.8964842069681829 0.0 0.7363977414381502 1.3127090173462679 0.0 0.44824210348409144 0.0 0.0 0.0 0.0 0.0 0.0 0.3201729310600653 0.0 0.0 0.0 0.0 0.0 0.7363977414381502 0.0
0.8324496207561698 1.6648992415123396 2.0811240518904244 1.4087608966642875 0.7043804483321436 1.985072172572405 3.1697120174946463 2.753487207116561 1.6648992415123396 0.06403458621201306 0.480259396590098 2.4012969829504893 2.945590965752601 0.25613834484805226 0.0 0.0 0.0 0.3521902241660718 2.8495390864345804 1.7289338277243527 1.4727954828763006 0.0 0.0 0.03201729310600653 1.5688473621943202 1.4087608966642875 1.5688473621943202 2.273227810526463 0.3201729310600653 0.0 0.0 0.0 1.088587965604222 0.03201729310600653 0.16008646553003267 2.1131413449964307 2.5613834484805227 0.0 0.0 0.22412105174204575 2.1771759312084433 0.0 0.0 0.0 0.0 0.0 0.0 0.0 0.0 0.0 0.0 0.0 0.0 0.0 0.0 0.0 0.0
0.0 0.7363977414381502 1.6328819484063333 2.2091932243144496 0.6403458621201307 2.689452620904548 3.2017293106006526 1.6648992415123396 0.3521902241660718 0.5122766896961044 2.1771759312084438 3.2017293106006526 1.7289338277243527 0.06403458621201306 0.0 0.0 0.0 0.0 0.8004323276501633 1.7289338277243527 1.2486744311342548 0.09605187931801959 0.0 0.16008646553003267 0.7043804483321436 1.2166571380282483 1.1206052587102286 1.921037586360392 2.593400741586528 0.09605187931801959 0.0 0.0 1.5048127759823071 0.8004323276501633 2.1131413449964302 2.9455909657526003 1.7609511208303594 0.22412105174204575 1.2806917242402613 1.4087608966642875 1.1846398449222417 0.16008646553003267 0.0 0.0 0.0 0.0 0.0 0.0 0.0 0.0 0.0 0.0 0.0 0.0 0.0 0.0 0.5442939828021109
0.06403458621201306 1.5688473621943202 2.3372623967384767 2.337262396738476 2.9776082588586066 2.497348862268509 2.817521793328574 2.7534872071165615 0.3521902241660719 2.9776082588586066 2.785504500222568 3.2017293106006526 1.6969165346183464 0.12806917242402613 0.0 0.0 0.0 0.0 0.0 0.608328569014124 0.3521902241660718 0.3521902241660719 0.3201729310600653 0.25613834484805226 1.5688473621943202 1.8890202932543854 0.6403458621201306 0.0 0.8324496207561698 0.480259396590098 0.0 0.0 1.440778189770294 0.960518793180196 2.9776082588586066 1.1846398449222417 1.6648992415123396 1.728933827724353 0.28815563795405874 0.25613834484805226 0.0 0.0 0.0 0.0 0.0 0.0 0.0 0.0 0.0 0.0 0.0 0.0 0.0 0.0 0.0 0.0 0.8324496207561698
0.7043804483321436 1.1526225518162352 0.0 1.728933827724353 1.6969165346183464 2.0491067587844176 2.721469914010555 1.5688473621943202 0.6403458621201306 2.4333142760564965 2.465331569162502 1.7929684139363657 1.6648992415123398 1.2806917242402613 0.28815563795405874 0.0 0.0 0.0 0.0 0.0 0.0 0.38420751727207836 1.9530548794663984 1.728933827724353 0.6723631552261371 0.06403458621201306 0.16008646553003264 0.0 0.3201729310600653 0.06403458621201306 0.0 0.0 1.2166571380282483 2.2091932243144496 3.2017293106006526 2.721469914010555 1.7609511208303594 1.7929684139363657 1.5048127759823071 0.12806917242402613 0.0 0.0 0.0 0.0 0.0 0.0 0.0 0.0 0.0 0.0 0.0 0.0 0.0 0.0 0.0 0.0 0.9925360862862025
1.5368300690883137 0.8324496207561698 0.0 0.7363977414381502 2.5293661553745155 1.6969165346183461 3.04164284507062 0.5763112759081175 0.7684150345441567 1.8570030001483788 2.625418034692535 1.2486744311342548 1.440778189770294 2.881556379540587 2.0811240518904244 1.5688473621943202 0.12806917242402613 0.0 0.0 0.0 0.0 1.2486744311342548 2.369279689844483 1.7609511208303592 0.0 0.0 0.0 0.0 0.960518793180196 0.0 0.6083285690141241 0.8644669138621763 2.145158638102437 3.2017293106006526 2.721469914010555 1.2486744311342548 1.088587965604222 0.16008646553003264 0.9285015000741894 0.16008646553003264 0.0 0.0 0.0 0.0 0.0 0.0 0.0 0.0 0.0 0.0 0.0 0.03201729310600653 0.0 0.0 0.0 0.0 0.3521902241660718
0.0 0.25613834484805226 0.3521902241660718 1.2806917242402613 2.241210517420457 2.1771759312084433 2.689452620904549 1.0565706724982156 3.1056774312826327 3.2017293106006526 3.2017293106006526 2.785504500222568 3.1376947243886395 2.177175931208444 3.0096255519646133 3.1056774312826327 0.9925360862862025 0.0 0.0 0.0 0.0 0.06403458621201306 1.2486744311342548 0.19210375863603918 0.0 0.0 0.0 0.0 2.0491067587844176 2.081124051890424 3.1376947243886395 3.2017293106006526 3.2017293106006526 2.6254180346925353 0.0 0.0 0.22412105174204572 0.0 0.0 0.0 0.0 0.03201729310600653 0.6723631552261371 0.0 0.0 0.0 0.0 0.0 0.0 0.0 0.0 1.1206052587102286 0.12806917242402613 0.0 0.0 0.0 1.4087608966642875
2.081124051890424 1.985072172572405 2.145158638102437 3.1376947243886395 2.7214699140105543 1.5688473621943202 1.3127090173462679 2.8495390864345813 2.8495390864345804 2.113141344996431 2.785504500222568 2.2091932243144505 2.561383448480522 1.7289338277243527 1.0565706724982156 2.753487207116561 2.7214699140105543 1.3127090173462679 0.38420751727207836 0.0 0.0 0.0 1.2166571380282483 0.7684150345441567 0.0 0.0 0.0 0.0 2.0491067587844176 2.337262396738476 2.3372623967384762 2.1131413449964302 3.2017293106006526 1.9530548794663984 0.03201729310600653 0.0 0.0 0.0 0.0 0.5122766896961045 0.28815563795405874 0.06403458621201306 0.0 0.0 0.0 0.0 0.0 0.0 0.0 0.0 0.0 1.6328819484063333 2.081124051890424 0.0 0.16008646553003267 0.8644669138621763 1.4087608966642875
0.7684150345441567 2.8815563795405876 2.6574353277985416 2.1131413449964307 2.817521793328575 0.2561383448480522 1.6008646553003267 1.985072172572405 2.0170894656784113 1.985072172572405 3.2017293106006526 3.2017293106006526 3.2017293106006526 2.4973488622685087 2.7214699140105543 2.465331569162502 1.5048127759823071 2.529366155374516 1.6648992415123396 0.0 0.0 0.4162248103780849 1.7929684139363657 1.5048127759823071 0.0 0.0 0.0 0.0 1.8249857070423723 2.5613834484805227 2.625418034692535 2.145158638102437 2.593400741586528 2.6574353277985416 0.5122766896961045 0.0 0.0 0.0 0.0 1.440778189770294 1.5368300690883134 0.0 0.0 0.0 0.0 0.06403458621201306 0.0 0.0 0.0 0.0 0.3521902241660718 1.3447263104522744 2.6574353277985416 1.024553379392209 2.9455909657526007 1.504812775982307 1.985072172572405
2.689452620904548 3.04164284507062 2.241210517420457 2.1131413449964307 0.5763112759081175 0.4162248103780849 2.6574353277985416 2.5293661553745164 2.689452620904548 3.2017293106006526 3.009625551964614 1.8249857070423723 0.8644669138621763 2.7855045002225682 2.7534872071165615 3.2017293106006526 3.1376947243886395 3.1376947243886395 2.977608258858607 0.8004323276501633 0.0 0.5442939828021109 2.1771759312084438 1.5688473621943202 0.4162248103780849 0.0 0.0 0.0 0.480259396590098 0.608328569014124 0.16008646553003264 2.1771759312084433 3.04164284507062 1.8249857070423725 0.7043804483321436 0.09605187931801959 0.0 0.0 0.544293982802111 1.921037586360392 0.38420751727207836 0.7363977414381502 0.0 0.0 0.09605187931801959 1.985072172572405 1.376743603558281 0.4802593965900979 0.0 0.0 0.6403458621201306 3.0096255519646133 2.273227810526463 2.337262396738476 2.753487207116561 2.913573672646594 2.9776082588586066
2.881556379540587 1.4727954828763004 2.3052451036324704 1.0565706724982156 0.0 1.728933827724353 2.9455909657526003 1.985072172572405 3.0736601381766264 2.9455909657526003 1.6328819484063333 2.1771759312084433 1.8249857070423723 2.1131413449964302 1.2166571380282483 3.0096255519646133 3.2017293106006526 2.0170894656784113 1.2486744311342548 2.4012969829504893 0.960518793180196 0.0 0.2561383448480522 0.2561383448480522 0.0 0.0 0.0 0.0 0.0 0.0 0.0 0.7363977414381502 2.8495390864345804 2.5934007415865286 2.6254180346925353 2.625418034692535 0.3521902241660718 0.06403458621201306 0.0 0.8004323276501633 1.728933827724353 2.049106758784418 0.7684150345441567 0.09605187931801959 1.5048127759823071 3.04164284507062 3.1697120174946463 0.9925360862862025 1.1206052587102286 1.921037586360392 2.273227810526463 3.0096255519646133 2.529366155374516 2.753487207116561 2.145158638102437 1.8890202932543854 1.3127090173462679
