agricultural_afforestation/data/SOC_1km.txt
nrows     203.0
ncols     198.0
xllcorner     857533.25
yllcorner     4281682.625
cellsize     1000.0
NODATA_value     -9999.0
[rows 100 to 124 of 203, columns 114 to 170 of 198]
2.5293661553745155 2.9776082588586066 1.2486744311342548 0.0 0.8324496207561698 2.3372623967384762 2.689452620904548 0.7043804483321436 3.1056774312826327 1.3447263104522744 0.1921037586360392 2.3052451036324704 1.9530548794663984 2.7214699140105543 3.2017293106006526 3.2017293106006526 3.2017293106006526 2.1131413449964307 1.1526225518162352 1.8890202932543854 1.1526225518162352 0.0 0.0 0.3521902241660718 0.8964842069681829 0.03201729310600653 0.0 0.0 0.0 0.0 0.0 0.7363977414381502 2.913573672646594 3.04164284507062 2.3052451036324704 2.4012969829504893 2.1131413449964307 2.4012969829504893 0.0 0.9285015000741894 2.9455909657526003 3.0096255519646133 2.593400741586528 1.56884736219432 2.30524510363247 3.2017293106006526 3.2017293106006526 3.009625551964614 2.273227810526463 2.817521793328575 3.0096255519646133 2.913573672646594 2.817521793328574 2.593400741586529 2.561383448480522 1.2806917242402613 0.0
1.4087608966642875 2.3692796898444834 1.8570030001483788 1.088587965604222 0.25613834484805226 2.273227810526464 3.1376947243886395 0.9925360862862025 2.0170894656784117 2.369279689844483 2.9776082588586066 2.561383448480522 2.5293661553745155 1.5688473621943202 2.3052451036324695 3.2017293106006526 3.2017293106006526 2.689452620904548 2.7214699140105543 3.2017293106006526 2.465331569162502 1.024553379392209 0.0 0.7363977414381502 2.0811240518904244 0.3521902241660718 0.0 0.0 0.0 0.0 0.5763112759081175 1.985072172572405 2.5613834484805222 2.3052451036324695 2.7214699140105543 2.6574353277985416 1.9530548794663987 2.0170894656784113 0.9925360862862025 2.5613834484805222 2.689452620904549 2.113141344996431 2.4012969829504893 1.7609511208303594 2.145158638102437 3.2017293106006526 2.6574353277985416 2.9455909657526003 1.8249857070423723 2.2091932243144496 2.5613834484805227 1.9530548794663984 1.7289338277243527 1.5048127759823071 2.5293661553745155 1.9530548794663984 0.6723631552261371
2.0170894656784113 0.44824210348409144 0.4482421034840914 0.09605187931801959 0.5122766896961044 0.44824210348409144 3.04164284507062 2.561383448480522 0.6723631552261371 0.03201729310600653 2.2412105174204564 2.465331569162502 2.2412105174204564 3.2017293106006526 1.632881948406333 2.3692796898444826 1.7929684139363657 3.0096255519646133 2.817521793328575 3.04164284507062 2.337262396738476 2.6574353277985416 1.921037586360392 2.1131413449964302 1.4087608966642875 0.0 0.0 0.0 0.0 0.22412105174204575 1.2486744311342548 1.024553379392209 1.4087608966642875 2.817521793328574 1.8890202932543854 2.9455909657526003 2.465331569162503 3.0096255519646133 2.3052451036324704 1.5368300690883134 2.081124051890424 2.689452620904548 2.177175931208444 2.337262396738476 2.8175217933285746 3.2017293106006526 2.9776082588586066 1.792968413936366 1.5688473621943202 1.8890202932543856 2.465331569162502 2.049106758784418 1.5688473621943202 2.145158638102438 0.5122766896961044 0.5122766896961044 0.5122766896961044
2.561383448480522 0.3201729310600653 0.0 0.0 2.4333142760564956 0.8324496207561698 2.497348862268509 0.6403458621201306 0.0 1.2486744311342548 3.13769472438864 2.9135736726465944 2.913573672646594 1.9530548794663984 2.913573672646594 1.440778189770294 3.2017293106006526 3.2017293106006526 3.009625551964614 1.504812775982307 2.4333142760564965 2.913573672646594 2.785504500222568 0.608328569014124 0.22412105174204572 0.480259396590098 2.1771759312084433 1.4727954828763006 2.5934007415865286 3.0096255519646133 2.4973488622685087 0.4162248103780849 1.5368300690883137 2.721469914010555 2.625418034692535 2.689452620904548 1.8570030001483788 1.5368300690883137 2.3372623967384767 2.3052451036324695 1.1526225518162352 0.7684150345441567 0.25613834484805226 2.7214699140105547 0.7043804483321436 1.2486744311342548 2.4012969829504893 1.5368300690883134 1.3127090173462679 2.2091932243144505 2.145158638102437 2.753487207116561 1.6969165346183464 0.480259396590098 0.0 0.12806917242402613 0.0
1.5688473621943202 2.0811240518904244 0.7363977414381502 0.0 2.6254180346925353 3.04164284507062 2.2091932243144505 0.0 0.0 1.6328819484063333 1.7289338277243527 0.44824210348409144 2.4333142760564956 2.4333142760564956 2.5293661553745155 1.4727954828763006 2.145158638102437 2.753487207116561 3.1056774312826327 2.337262396738476 1.440778189770294 3.1056774312826327 2.9776082588586075 2.273227810526463 0.44824210348409144 0.7043804483321436 2.4973488622685087 2.817521793328574 2.5293661553745155 1.7289338277243527 2.6574353277985416 2.465331569162502 1.6969165346183464 2.465331569162503 2.465331569162502 2.4333142760564956 2.5613834484805222 2.689452620904548 0.8644669138621763 1.3447263104522744 0.0 0.0 0.0 0.9925360862862025 1.376743603558281 2.3052451036324695 1.4407781897702938 2.1771759312084433 2.881556379540587 1.6648992415123396 2.177175931208444 2.785504500222568 0.480259396590098 0.0 0.6723631552261371 0.6403458621201306 0.0
1.1846398449222417 2.4333142760564956 0.09605187931801959 0.19210375863603918 2.7214699140105547 2.3052451036324695 0.4162248103780849 0.06403458621201306 0.0 0.8964842069681829 2.081124051890424 1.921037586360392 3.04164284507062 0.6403458621201306 2.8815563795405876 2.5293661553745155 2.9455909657526003 3.2017293106006526 2.4973488622685087 3.2017293106006526 2.9776082588586066 2.465331569162502 2.0170894656784117 1.440778189770294 1.6008646553003267 2.7214699140105543 3.2017293106006526 3.2017293106006526 3.2017293106006526 1.5048127759823071 2.625418034692535 1.8570030001483788 2.785504500222568 0.7684150345441567 1.4087608966642875 2.2412105174204564 1.2166571380282483 1.6648992415123398 2.0170894656784113 0.0 0.0 0.0 0.16008646553003267 2.9455909657526003 2.753487207116562 2.465331569162503 1.6008646553003267 2.4333142760564956 2.785504500222568 1.0565706724982156 0.0 0.7363977414381502 1.6648992415123398 0.28815563795405874 1.2806917242402613 0.9925360862862025 0.3201729310600653
0.7043804483321436 2.3372623967384767 0.0 0.8964842069681829 1.9210375863603921 1.8249857070423725 0.8324496207561698 1.2486744311342548 0.7684150345441567 2.3692796898444826 1.6648992415123396 1.8570030001483788 3.2017293106006526 0.8324496207561698 2.625418034692535 1.6328819484063333 2.753487207116561 1.8249857070423723 1.6969165346183464 2.337262396738476 3.2017293106006526 2.7855045002225682 1.5368300690883137 1.728933827724353 1.3447263104522744 2.3052451036324695 2.8815563795405876 3.1697120174946463 3.2017293106006526 1.8890202932543856 2.0170894656784113 2.7214699140105543 2.689452620904548 2.497348862268509 1.7929684139363657 1.8570030001483788 2.4012969829504898 1.2486744311342548 0.8644669138621763 0.0 0.0 0.0 0.608328569014124 2.337262396738476 2.0170894656784113 2.0811240518904244 2.2091932243144505 1.088587965604222 2.593400741586528 0.8644669138621763 0.0 0.0 1.2806917242402613 1.1526225518162352 0.6723631552261371 0.4162248103780849 0.8644669138621763
1.7929684139363657 0.38420751727207836 0.544293982802111 2.753487207116561 1.1846398449222417 1.1206052587102286 0.6723631552261371 0.5442939828021109 2.20919322431445 1.8890202932543856 1.440778189770294 2.049106758784418 2.2412105174204573 2.6574353277985416 1.728933827724353 1.2166571380282483 0.5763112759081175 0.9285015000741894 0.19210375863603918 1.5688473621943202 1.6008646553003267 2.0170894656784117 2.6254180346925353 1.0565706724982156 2.6574353277985425 1.8249857070423725 1.1846398449222417 0.7363977414381502 2.8495390864345813 2.8495390864345813 2.817521793328574 1.5368300690883137 1.0565706724982156 1.8570030001483788 0.7363977414381502 1.3127090173462679 2.817521793328574 0.8004323276501633 0.06403458621201306 0.0 0.0 0.0 1.1206052587102286 1.6008646553003267 2.0491067587844176 2.593400741586529 1.3447263104522744 1.3127090173462679 2.9776082588586075 0.4162248103780849 0.0 0.0 0.7363977414381502 1.5368300690883137 0.2561383448480522 0.0 0.0
1.3447263104522744 1.1846398449222417 1.6648992415123396 3.04164284507062 2.2091932243144505 2.625418034692535 0.5122766896961044 0.3842075172720784 1.7929684139363657 2.6254180346925358 2.0491067587844176 2.2091932243144496 1.2806917242402613 1.6969165346183464 2.273227810526464 0.12806917242402613 0.0 0.09605187931801959 1.088587965604222 0.7363977414381502 0.7043804483321436 1.6008646553003265 3.04164284507062 2.1771759312084433 0.7043804483321436 1.985072172572405 0.3201729310600653 0.8324496207561698 1.5368300690883137 1.7609511208303592 2.40129698295049 1.3447263104522744 1.1206052587102286 0.9925360862862025 2.049106758784418 2.145158638102437 1.3127090173462679 1.0565706724982156 0.22412105174204572 0.7363977414381502 1.3127090173462679 0.22412105174204572 0.0 1.6008646553003265 2.497348862268509 1.5688473621943202 0.4162248103780849 1.4087608966642875 1.7289338277243527 0.0 0.0 0.0 0.5763112759081175 0.7363977414381502 0.0 0.0 0.0
2.3052451036324695 3.1376947243886395 3.04164284507062 2.3692796898444826 2.4333142760564956 2.273227810526464 2.1771759312084433 0.8644669138621763 1.088587965604222 1.5048127759823071 1.088587965604222 3.1697120174946463 3.2017293106006526 2.7855045002225687 0.4162248103780849 1.5368300690883137 0.4162248103780849 2.0170894656784117 3.2017293106006526 1.7929684139363657 2.5293661553745155 1.792968413936366 2.7214699140105543 2.625418034692535 2.2091932243144496 1.1846398449222417 2.6574353277985416 2.8495390864345804 2.5293661553745155 2.6254180346925353 1.5688473621943202 1.0565706724982156 2.30524510363247 1.921037586360392 2.369279689844483 2.561383448480522 2.0170894656784113 1.8249857070423725 1.2486744311342548 1.2166571380282483 1.9530548794663984 0.960518793180196 2.881556379540587 2.113141344996431 1.8249857070423723 1.3127090173462679 1.5688473621943202 1.2806917242402613 0.0 0.0 0.0 0.0 0.0 0.0 0.0 0.0 0.0
2.3052451036324695 2.4333142760564965 2.3692796898444826 3.2017293106006526 1.3447263104522744 0.9285015000741894 2.561383448480522 3.1697120174946463 2.049106758784418 2.2732278105264636 1.4727954828763006 1.1846398449222417 2.3372623967384762 1.8249857070423725 1.6969165346183464 2.9776082588586075 1.4087608966642875 2.9776082588586066 3.2017293106006526 3.2017293106006526 2.3372623967384762 1.0565706724982156 2.5293661553745155 2.4333142760564965 2.9455909657526003 2.2412105174204564 2.7214699140105543 1.6969165346183464 3.1056774312826327 3.2017293106006526 2.4012969829504893 0.8644669138621763 2.6254180346925353 1.4087608966642875 2.273227810526464 2.273227810526463 2.881556379540587 1.4727954828763006 0.8644669138621763 2.5293661553745155 1.4727954828763004 0.7684150345441567 1.8570030001483788 0.16008646553003264 0.0 0.0 0.0 0.0 0.0 0.0 0.0 0.0 0.0 0.0 0.0 0.0 0.0
1.8249857070423725 0.16008646553003264 1.3447263104522744 2.913573672646594 0.5122766896961044 0.0 0.0 0.28815563795405874 1.6648992415123398 1.4087608966642875 0.32017293106006534 3.105677431282633 2.3052451036324704 2.7214699140105543 1.7929684139363657 0.9925360862862025 0.8644669138621763 2.5293661553745155 3.2017293106006526 2.30524510363247 2.689452620904548 1.1526225518162352 0.03201729310600653 0.608328569014124 2.6254180346925353 1.632881948406333 2.497348862268509 2.0491067587844176 3.04164284507062 2.2091932243144496 2.6254180346925353 1.440778189770294 1.2166571380282483 0.7043804483321436 3.0736601381766264 2.7214699140105543 2.9455909657526003 2.753487207116561 2.6254180346925353 2.561383448480522 2.6574353277985416 1.5048127759823071 1.1526225518162352 0.0 0.0 0.0 0.0 0.0 0.0 0.0 0.0 0.0 0.0 0.0 0.0 0.0 0.0
0.0 0.0 0.0 0.4162248103780849 1.1526225518162352 0.44824210348409144 0.4802593965900979 0.7363977414381502 0.5763112759081175 1.6648992415123396 2.2412105174204564 2.049106758784418 2.145158638102437 2.8495390864345804 2.689452620904549 0.8644669138621763 1.8249857070423725 2.2091932243144496 3.1056774312826327 2.881556379540587 3.009625551964614 3.2017293106006526 2.9776082588586066 2.5293661553745155 1.2166571380282483 1.9530548794663984 2.625418034692535 2.0170894656784113 1.6648992415123396 3.2017293106006526 3.0096255519646133 2.465331569162502 2.3052451036324695 1.6328819484063333 2.561383448480522 2.4333142760564965 1.9210375863603921 2.2412105174204564 2.273227810526463 2.465331569162502 3.009625551964614 3.0736601381766264 0.9925360862862025 0.0 0.0 0.0 0.0 0.0 0.0 0.0 0.0 0.0 0.0 0.0 0.0 0.0 0.0
0.0 0.0 0.0 0.0 0.16008646553003267 0.8644669138621763 1.2166571380282483 2.2091932243144505 2.20919322431445 1.3127090173462679 2.6574353277985416 1.6328819484063333 2.241210517420457 3.0736601381766264 2.4012969829504893 2.465331569162502 2.113141344996431 1.1526225518162352 3.2017293106006526 3.1376947243886395 1.6969165346183461 2.465331569162503 2.3372623967384767 2.8495390864345804 1.985072172572405 1.921037586360392 1.921037586360392 2.6254180346925353 2.625418034692535 3.04164284507062 1.9530548794663984 2.369279689844483 3.1056774312826327 0.7043804483321436 2.4653315691625024 2.0491067587844176 2.113141344996431 1.9530548794663984 2.5613834484805227 1.6008646553003267 2.1131413449964302 1.921037586360392 0.0 0.0 0.0 0.0 0.0 0.0 0.0 0.0 0.0 0.0 0.0 0.0 0.0 0.0 0.0
1.3127090173462679 0.25613834484805226 0.0 0.0 0.0 0.0 0.0 0.0 0.03201729310600653 1.2806917242402613 3.04164284507062 0.8644669138621763 2.465331569162502 2.721469914010555 2.7214699140105547 2.0491067587844176 2.753487207116561 2.5613834484805227 3.105677431282633 3.2017293106006526 2.817521793328574 2.4012969829504893 2.3692796898444826 2.9776082588586075 3.2017293106006526 2.6574353277985416 2.9776082588586066 0.9925360862862025 2.4333142760564956 2.2091932243144496 1.6008646553003267 1.985072172572405 2.497348862268509 0.8964842069681829 2.561383448480522 2.3692796898444826 2.6254180346925358 3.0736601381766264 2.5293661553745155 2.3692796898444834 1.5368300690883137 1.3127090173462679 0.0 0.0 0.0 0.0 0.0 0.0 0.0 0.0 0.0 0.0 0.0 0.0 0.0 0.0 0.0
1.6008646553003267 0.0 0.0 0.0 0.0 0.0 0.0 0.0 0.0 0.6403458621201306 2.465331569162503 0.06403458621201306 2.2091932243144496 1.7609511208303592 1.024553379392209 3.1376947243886395 2.817521793328575 2.6254180346925353 2.337262396738476 2.0170894656784113 2.625418034692535 3.1697120174946463 0.4482421034840914 2.689452620904548 2.913573672646594 0.544293982802111 2.753487207116561 2.689452620904549 3.105677431282633 2.4012969829504893 0.9285015000741894 2.4012969829504893 1.8890202932543856 2.081124051890424 3.2017293106006526 3.04164284507062 1.5368300690883134 1.376743603558281 1.2166571380282483 0.19210375863603918 0.0 0.0 0.0 0.0 0.0 0.0 0.0 0.0 0.0 0.0 0.0 0.0 0.0 0.0 0.0 0.0 0.0
1.921037586360392 0.0 0.0 0.0 0.0 0.0 0.0 1.8570030001483788 0.03201729310600653 0.09605187931801959 1.3447263104522744 0.9285015000741894 1.921037586360392 2.8495390864345804 1.376743603558281 3.2017293106006526 2.785504500222568 2.40129698295049 2.369279689844483 2.913573672646594 2.785504500222568 3.1376947243886395 2.4012969829504893 3.1376947243886395 2.945590965752601 2.4973488622685087 3.04164284507062 2.9776082588586066 2.625418034692535 2.2732278105264636 2.817521793328574 2.881556379540587 2.177175931208444 1.4727954828763006 3.1056774312826327 2.881556379540587 1.2806917242402613 0.5763112759081175 0.0 0.0 0.0 0.0 0.0 0.0 0.0 0.0 0.0 0.0 0.0 0.0 0.0 0.0 0.0 0.0 0.0 0.0 0.0
1.8570030001483788 0.7684150345441567 0.0 0.0 0.0 0.0 0.7043804483321436 1.985072172572405 0.06403458621201306 0.0 0.44824210348409144 1.3447263104522744 2.1131413449964302 2.913573672646594 2.881556379540587 3.2017293106006526 3.04164284507062 3.1697120174946463 2.561383448480522 2.2412105174204564 3.0096255519646142 3.1056774312826327 2.497348862268509 2.625418034692535 2.273227810526463 1.6969165346183464 3.0736601381766273 3.2017293106006526 3.2017293106006526 3.04164284507062 1.792968413936366 2.273227810526463 1.8570030001483788 1.1206052587102286 1.8570030001483788 2.273227810526463 0.0 0.0 0.0 0.0 0.0 0.0 0.0 0.0 0.0 0.0 0.0 0.0 0.0 0.0 0.0 0.0 0.0 0.0 0.0 0.0 0.0
1.1846398449222417 1.440778189770294 0.8004323276501633 0.6723631552261371 0.0 1.3127090173462679 1.8890202932543856 1.1206052587102286 0.8004323276501633 0.22412105174204572 0.16008646553003267 1.985072172572405 1.921037586360392 2.881556379540587 3.13769472438864 2.4012969829504893 2.3692796898444826 0.3201729310600653 2.4973488622685087 3.2017293106006526 2.2091932243144496 2.4973488622685087 3.1697120174946463 3.0736601381766264 3.0736601381766264 2.785504500222568 2.5613834484805227 1.6328819484063333 2.0811240518904244 2.6574353277985416 1.7609511208303594 1.376743603558281 0.28815563795405874 0.6403458621201306 3.0096255519646133 1.8249857070423723 0.0 0.0 0.0 0.0 0.0 0.0 0.0 0.0 0.0 0.0 0.0 0.0 0.0 0.0 0.0 0.0 0.0 0.0 0.0 0.0 0.0
0.4482421034840914 1.2166571380282483 2.241210517420457 1.6648992415123398 1.376743603558281 2.721469914010555 3.1697120174946463 3.0096255519646133 3.2017293106006526 2.465331569162503 0.960518793180196 0.5442939828021109 1.024553379392209 1.5688473621943202 2.3052451036324704 2.3052451036324704 2.1131413449964307 0.8004323276501633 2.1771759312084433 2.753487207116562 2.5293661553745155 3.2017293106006526 2.3692796898444826 3.1697120174946463 1.1846398449222417 0.5442939828021109 0.38420751727207836 0.8964842069681829 1.6969165346183464 0.12806917242402613 3.0736601381766264 0.960518793180196 0.06403458621201306 0.3842075172720784 2.5293661553745155 0.16008646553003267 0.0 0.0 0.0 0.0 0.0 0.0 0.0 0.0 0.0 0.0 0.0 0.0 0.0 0.0 0.0 0.0 0.0 0.0 0.0 0.0 0.0
0.0 1.5688473621943202 0.8964842069681829 0.9285015000741894 0.7684150345441567 1.1526225518162352 2.561383448480522 2.8815563795405876 2.2091932243144505 2.145158638102437 2.273227810526463 2.1131413449964302 1.5688473621943202 3.1056774312826336 3.1056774312826327 2.2091932243144505 2.625418034692535 1.9530548794663984 0.6403458621201306 0.0 0.19210375863603918 1.6969165346183464 1.6328819484063333 0.4162248103780849 0.0 0.0 0.0 0.0 0.0 0.0 0.960518793180196 0.09605187931801959 1.2486744311342548 1.8249857070423725 0.9285015000741894 0.0 0.0 0.0 0.0 0.0 0.0 0.0 0.0 0.0 0.0 0.0 0.0 0.0 0.0 0.0 0.0 0.0 0.0 0.0 0.0 0.0 0.0
0.0 0.960518793180196 0.09605187931801959 2.145158638102437 0.9925360862862025 1.921037586360392 2.7855045002225682 2.1131413449964302 1.921037586360392 2.1451586381024375 2.1131413449964302 2.273227810526463 1.4087608966642875 2.0491067587844176 2.6254180346925353 2.273227810526464 1.3127090173462679 1.6008646553003267 0.0 0.0 0.0 0.0 0.0 0.0 0.0 0.0 0.0 0.0 0.0 0.0 0.0 0.0 0.0 0.0 0.0 0.0 0.0 0.0 0.0 0.0 0.0 0.0 0.0 0.0 0.0 0.0 0.0 0.0 0.0 0.0 0.0 0.0 0.0 0.0 0.0 0.0 0.0
2.3372623967384767 1.1846398449222417 1.440778189770294 1.6969165346183464 0.960518793180196 1.024553379392209 1.5048127759823071 2.6574353277985416 1.792968413936366 0.9925360862862025 2.0170894656784117 2.465331569162502 1.9530548794663984 1.2806917242402613 1.7609511208303594 1.5368300690883137 0.8004323276501633 1.4727954828763006 0.0 0.0 0.0 0.0 0.0 0.0 0.0 0.0 0.0 0.0 0.0 0.0 0.0 0.0 0.0 0.0 0.0 0.0 0.0 0.0 0.0 0.0 0.0 0.0 0.0 0.0 0.0 0.0 0.0 0.0 0.0 0.0 0.0 0.0 0.0 0.0 0.0 0.0 0.0
2.6574353277985416 0.7043804483321436 2.0491067587844176 2.6574353277985416 2.337262396738476 0.44824210348409144 0.8324496207561698 2.4973488622685087 2.145158638102437 2.465331569162502 2.689452620904548 3.0736601381766264 2.7534872071165615 2.9455909657526003 0.06403458621201306 0.0 0.0 0.0 0.0 0.0 0.0 0.0 0.0 0.0 0.0 0.0 0.0 0.0 0.0 0.0 0.0 0.0 0.0 0.0 0.0 0.0 0.0 0.0 0.0 0.0 0.0 0.0 0.0 0.0 0.0 0.0 0.0 0.0 0.0 0.0 0.0 0.0 0.0 0.0 0.0 0.0 0.0
3.1697120174946463 0.960518793180196 1.1846398449222417 3.2017293106006526 3.2017293106006526 0.7043804483321436 0.16008646553003264 2.913573672646594 1.4087608966642875 2.2732278105264636 2.273227810526464 2.9776082588586066 2.1131413449964302 2.4333142760564965 0.0 0.0 0.0 0.0 0.0 0.0 0.0 0.0 0.0 0.0 0.0 0.0 0.0 0.0 0.0 0.0 0.0 0.0 0.0 0.0 0.0 0.0 0.0 0.0 0.0 0.0 0.0 0.0 0.0 0.0 0.0 0.0 0.0 0.0 0.0 0.0 0.0 0.0 0.0 0.0 0.0 0.0 0.0
