agricultural_afforestation/data/SOCP_1km.txt
nrows     203.0
ncols     198.0
xllcorner     857533.25
yllcorner     4281682.625
cellsize     1000.0
NODATA_value     -9999.0
[rows 100 to 124 of 203, columns 57 to 113 of 198]
0.0 0.0 0.0 0.0 0.17800423485368413 0.0 0.0 0.0 0.0 0.0 0.0 0.0 0.0 0.0 0.0 0.0 0.0 0.0 0.0 0.0501193700031063 0.49046055916390063 0.7165495542064421 0.450762265026769 0.5734016452819749 0.31190969067090024 0.3022859667030669 0.05319546134920796 0.0 0.0 0.0 0.0 0.0 0.0 0.0 0.0 0.0 0.0 0.0 0.0 0.0 0.0 0.0 0.0 0.0 0.16481154627077638 0.2433589339210077 0.8495298035556487 0.4469451107666802 0.27121653466308526 1.0125283703573444 0.8994063781538232 0.9607884525504561 1.0220467027713664 0.5465608018062045 0.8723451507969774 1.0725519256907723 0.7564018526657625
0.0 0.0 0.03711512176348975 0.08896208387304547 0.06810122197311665 0.08518227611214987 0.0 0.015328014244954773 0.0 0.0 0.0 0.0 0.0 0.0 0.0 0.0 0.0 0.0 0.007134963664896617 0.3930231648440657 0.46287529021643226 0.4277124430007372 0.36506557570846676 0.6735651389858677 0.5201472998731379 0.2894707283630522 0.007520045317739431 0.0 0.0 0.0 0.0 0.0 0.0 0.0 0.05973276438521185 0.008560065544280718 0.0 0.0 0.0 0.0 0.0 0.009271899689713564 0.0 0.0 0.0484090338101035 0.5240556596831306 0.8246470841966937 0.4237189944087964 0.6476024044716993 0.6547799403715645 1.0170000730568682 1.0269004386658327 1.036680056011997 0.8576191856162965 0.9506197972886632 1.0653746399538468 0.8920626661130371
0.0 0.0 0.0 0.0 0.0 0.0 0.0 0.015323024518800793 0.0 0.0678028483185413 0.0 0.0 0.0 0.0 0.0 0.0 0.0 0.0 0.3039349404967488 0.5503993008173892 0.48002892305958034 0.4724555742435239 0.6156180618414585 0.19125278732890394 0.13668361394660733 0.01477303273441254 0.029605049859336985 0.0 0.0 0.0 0.0 0.0 0.0 0.29055452175602037 0.2708977893338148 0.4624646708982873 0.0 0.0 0.15159543624547764 0.3070261939701833 0.5308914471967571 0.7495705528512 0.43926541953645937 0.37797565089640245 0.5646608330326829 0.8115243171853065 0.8678598514272808 0.8932151918300058 0.9616928877709542 0.8517137465024053 0.5758003146042068 1.0004608907010355 0.4739303912556468 0.7268051696920468 1.0175245735486074 0.7505328777335246 0.053197686244585526
0.0 0.0 0.0 0.03683226882846154 0.12516549998520118 0.022047245679727552 0.0 0.0 0.13624746608278998 0.03761135494668812 0.0 0.0 0.0 0.0 0.0 0.0 0.0 0.0 0.38430314756796136 0.4802972793930534 0.4085757869098415 0.40960143370024493 0.43925991930712316 0.40008050138283713 0.15523169078642013 0.0 0.029412901049136735 0.0 0.0 0.0 0.0 0.0 0.0 0.5208762195510016 0.4790507486476376 0.6569145183522519 0.17205937082952472 0.28864392100689507 0.12492837127078607 0.36060776271367323 0.7464758146090383 0.7918657455511866 0.4854733322280903 0.9418212224325105 0.9517621061404918 0.9614344573750483 0.9691144847540513 0.9373539331124223 0.936709301723401 0.6377453208590638 0.40148968161656706 0.7519099251824454 0.9930113022287035 0.3616530832500703 0.9276848034006131 0.8724416038550464 0.4649261727232484
0.0 0.0 0.0 0.0 0.0 0.0 0.0 0.0 0.015164072449279985 0.0 0.0 0.0 0.0 0.0 0.0 0.0 0.0 0.28530985339456566 0.6080325068247714 0.554389630730069 0.3817148921925151 0.5295669493307895 0.17753810399166275 0.01392044959720468 0.006987308230338698 0.0929711598930932 0.4878092518251117 0.03669853621627229 0.0 0.0 0.0 0.0 0.0 0.4286253535360939 0.560307595655868 0.6356431801682205 0.7830319533021485 0.6622549287705561 0.06169429211904119 0.734461243097211 0.6891336380431677 0.6880143438513897 0.5560188145069248 0.9371059098488023 0.6721099200584335 0.7561098067196625 0.7416442831789316 0.05834664291045161 0.5584283502243844 0.0 0.17982732174358712 0.4752547206382169 1.0174932605806537 0.18483093739605616 0.22773341478392556 0.6673305260286759 0.8719580727116809
0.0 0.0 0.0 0.0 0.0 0.0 0.0 0.0 0.0 0.0 0.0 0.036800381230899376 0.0 0.0 0.0 0.0 0.0 0.25613848768972775 0.623632748411747 0.44029056990913445 0.3954669591319702 0.05358370903694726 0.0 0.0 0.0 0.11399386037608103 0.4194942417709784 0.5516849901733106 0.26177013877605204 0.40641626574485046 0.18587650517944848 0.0 0.0 0.17209240006615203 0.1498065100973942 0.2702137401763473 0.34213161865537145 0.7811365324923474 0.20237325383036325 0.864226439738334 0.8836594173768759 0.255290885909723 0.6828661966647683 0.811976262356039 0.14070054578448715 0.7525978642264681 0.5837112044013432 0.4246879040023064 0.7316895654336238 0.7282647969660595 0.5572425127854487 0.3308082268469146 0.5873476669945774 0.8053083762893557 0.0926555170140473 0.415355278855926 0.9182106052786535
0.0 0.0 0.0 0.0 0.0 0.0 0.0 0.0 0.0 0.0 0.0 0.1837088069394451 0.21190038168330794 0.0 0.0 0.0 0.0 0.0 0.2862980348733787 0.07420011065010511 0.040026395014788274 0.0 0.0 0.0 0.0 0.0 0.0 0.521292934884731 0.4046297213268534 0.7239837247923848 0.666504880269311 0.5614136213943915 0.1595536739941366 0.180226744401679 0.7701935696921007 0.26904643163552777 0.3417138180916035 0.8646891655104305 0.8232337216478064 0.6129541474376402 0.5655299209940992 0.01828527021487818 0.330837842170769 0.7708846123350982 0.4781014457100395 0.8148362284363361 0.7439377651781807 0.6930035006621529 0.970933760893925 0.8324230729093587 0.6825715734600138 0.8872892314940292 0.9342605911682753 0.555897639955848 0.8668788544637713 0.07226573366670436 0.8593978419314322
0.0 0.0 0.0 0.0 0.0 0.0 0.0 0.0 0.0 0.00749099254743632 0.3415885568568934 0.5306342785543408 0.12417015678797903 0.0 0.0 0.0 0.0 0.013779151626550315 0.24533495080511242 0.1828570382912156 0.39373001230917554 0.03992418502143752 0.0 0.0 0.0 0.021492600729620732 0.2944270548424756 0.0147618889686905 0.16491177509186397 0.1676565158114904 0.2313543877090928 0.03158405388995075 0.032211089818710376 0.11428287732154685 0.5707873397292582 0.7457121017660581 0.4429381992067388 0.5601500250544335 0.8033631962950673 0.8840658374052899 0.5899014417924657 0.34351292844221837 0.6590989360497529 0.6844122387946354 0.4389049773604736 0.8387486262408401 0.7488928598008809 0.5455750851609953 0.9660298731946858 0.7400299536878107 0.28445258318987 0.7237887599862699 0.9981700037417679 0.9155696624345748 0.7084762690748729 0.08178860722637532 1.0273950835651038
0.0 0.0 0.0 0.0 0.0 0.0 0.0 0.0 0.0 0.3452861520723416 0.5734523676581023 0.3911004016321399 0.06582119977101897 0.31148220877148 0.4380225711730181 0.0 0.0 0.041374075940241395 0.5009326195167861 0.48897468377289244 0.33028164821168254 0.053465176513535086 0.0 0.0 0.0 0.12190594032955428 0.31736967600707455 0.3528684260770831 0.41227231933253644 0.6837333106666883 0.6188584699244828 0.5826902322486841 0.24721712213168473 0.6904930496970353 0.7165341025877762 0.46049108860785604 0.4576059646521248 0.5752436657711311 0.4438630832497996 0.5548586637595497 0.8474339718295618 0.9018632378669991 0.7014871204807004 0.40517460253188575 0.35274016524340646 0.8812016285422596 0.5104749871349166 0.458058318889744 0.9612448585418693 0.9692256621339886 0.8012265309363524 0.9059410484543676 0.8626176324331306 0.9689231775237005 0.8046481671191479 0.37391026110668035 0.7341042181279862
0.0 0.0 0.0 0.0 0.0 0.0 0.0 0.0 0.0 0.18036081010258553 0.21641954929587875 0.059198614414104296 0.27208477394889297 0.41464056842953995 0.06491156442098875 0.0 0.0 0.17484230455736494 0.5130084782524773 0.1933264137077421 0.17776903503348832 0.1511398449600029 0.29625271586315916 0.0 0.24797195850376735 0.6668177533954538 0.6568818759277761 0.45849777027995947 0.5769834370660515 0.5469891720959587 0.22487195662958376 0.3538260372873857 0.655307933701229 0.7871329768346236 0.4190687605228671 0.30040938972417774 0.10164170730663895 0.08565566649873588 0.2696158840450363 0.1052770243873428 0.765010214317295 0.791677606463443 0.5258882068266209 0.0 0.18563767296809827 0.5415399565530339 0.03752571443862746 0.3795016100500932 0.7847362179694871 0.7811391155588181 0.49462970305746473 0.8416620716757205 0.6106314080146085 0.8930110397942552 0.8079690740389568 0.06998020852772746 0.8695484534185369
0.0 0.0 0.0 0.0 0.0 0.0 0.0 0.0 0.0 0.0 0.0 0.13335658165295428 0.3094418867938691 0.4235278236474621 0.06541697286286136 0.0502635255356393 0.2849803287985702 0.6490673529178931 0.4264201709508843 0.5777413047080284 0.1592166372575423 0.4439078830165346 0.4940382224588834 0.2679750611438727 0.4407178805219139 0.2458431763333642 0.5062825335973774 0.7295618917975856 0.6816681659447613 0.45151593348280894 0.15547692904781937 0.5442370850874105 0.6154796826387926 0.6564773645054539 0.5021546945103759 0.6006038254535165 0.008403576766141526 0.0 0.0 0.18416957856872904 0.3194115063901494 0.3852095583434618 0.5157681336666393 0.3386278712081967 0.6094384293289243 0.8009801624261987 0.12211391186470588 0.7186163104752733 0.837478566529542 0.21074943908651939 0.30964952110434185 0.7583051190307761 0.8420229355635284 0.9851187415170383 0.7537584037908417 0.19890453948317255 0.391835911305295
0.0 0.0 0.0 0.0 0.0 0.0 0.0 0.0 0.0 0.0 0.03758710862675872 0.29200743937937507 0.23746809080373935 0.6108630136274728 0.45957908527033653 0.6077985756920921 0.3586585426732523 0.5341622313094446 0.08483060971196882 0.34604634869581435 0.37425691716946047 0.4934226522737757 0.14234341876708703 0.5214103724875924 0.7066109858121684 0.69419862814874 0.6570155142606873 0.7488648817221828 0.7607103593420228 0.5094778019309327 0.42322152440661176 0.5242455909003643 0.6413943153665491 0.6083108761134481 0.6168324954115971 0.6845277406023444 0.6074511097081744 0.017198853478773715 0.5630283118809245 0.6997191330901308 0.2131464854135586 0.6889922548005094 0.6868811051488928 0.7112891108430389 0.30388390173001667 0.8918000666180067 0.46756107641689154 0.943005804196251 0.5209416569656508 0.2771894273330417 0.22042328897753594 0.2714645070421733 0.3890004773227361 0.8320594351327694 0.2653271375414097 0.12874470274313005 0.08977464058584986
0.0 0.0 0.0 0.0 0.0 0.0 0.3403893143923013 0.3466371665431324 0.5138678619535034 0.2315439706709348 0.3791460849989552 0.5344416569617976 0.6642455055667212 0.6297381844383407 0.28665537475016817 0.5102657094242311 0.48523923305467725 0.6490924954443742 0.38818139053345435 0.7149230041453758 0.7140899785876887 0.7150589921858903 0.7108701528524141 0.7229471041737492 0.6490629262291701 0.3310573846918404 0.2000134119564549 0.6711402983733794 0.7646962580721145 0.49560249743492246 0.5441706013951555 0.3594864335030563 0.4379314964690918 0.31166933909004474 0.2165319488588605 0.5673309215718517 0.3539672544537578 0.35096450702748977 0.31993176074347995 0.3585862425022117 0.33591039294311714 0.5177232570794759 0.4147761722943126 0.8559041762893184 0.6517127838792182 0.7497953960766671 0.5228264631228459 0.8833896248116175 0.3784128877820173 0.4748879673960127 0.8596181494457316 0.6146610506538812 0.5221014755238333 0.7097512155960426 0.8295933313317491 0.3733383370098704 0.009863408553111783
0.0 0.0 0.0 0.0 0.0 0.04482304404912361 0.29795805440594736 0.6813508740903731 0.7377407536635994 0.6159917030568431 0.27449548002559454 0.41716973002824403 0.45188733197023956 0.17241764922592498 0.0 0.22793126202113237 0.3810949960174998 0.43732271361108876 0.6751305047536984 0.7243441314643335 0.7239030789815775 0.7250085357877916 0.7277782820510303 0.7027914684251191 0.10290887031833434 0.3715732097783463 0.08206368997575128 0.3347205274533896 0.2683946561034436 0.10862071079994581 0.2371393791505337 0.11239115976588848 0.34885550256089426 0.6095865297751761 0.7841612378259787 0.7258946010876631 0.07660044541244639 0.27464441203169104 0.34488914940280946 0.008782978963249121 0.4507280056743274 0.7936465331252801 0.5129077637349231 0.8084898522474184 0.6041598447104886 0.5811440150806759 0.5487932419971175 0.9268240867200802 0.7914138950369348 0.4542475086722426 0.6747017853433609 0.08589610041124943 0.36430227948145116 0.17374372624700862 0.33888095868144175 0.0 0.0
0.0 0.0 0.0 0.0 0.0 0.12020657486772322 0.1791662414606616 0.35753111989941927 0.6904245533397421 0.6357090587303983 0.49384702689521554 0.6559840915555255 0.2879774021538378 0.030113302789747082 0.0 0.0 0.08128395352830611 0.6710760669238333 0.7129599972921051 0.7335703474413654 0.7333762191463307 0.7345259467724615 0.7371010747334045 0.7112714394134505 0.11133673948160547 0.11232117586931697 0.1580132501506442 0.0 0.0 0.0 0.595633412223072 0.2643701617411778 0.17076138969072455 0.3385954280435553 0.4931638280191142 0.743440703887288 0.37570664175575497 0.40290539084067417 0.4835675271833952 0.22738903360299795 0.4938549359387803 0.205056828528727 0.017924724923238898 0.0 0.0 0.3223293051011037 0.26008302268827793 0.9234350334385797 0.7038262897947767 0.40549384599259486 0.5879843385368595 0.6743299450752427 0.4862653660921934 0.22060240645538357 0.028886263096072097 0.0 0.0
0.0 0.0 0.0 0.0 0.0537899524311051 0.1689744997363361 0.16864611559114676 0.2858888637625877 0.29159226983182474 0.290037988103817 0.030392594388101202 0.1225789617665957 0.0 0.0 0.0 0.0 0.0 0.6261316005697005 0.7436538483714945 0.7425275499015022 0.74247390803573 0.7436011451828828 0.7459709583334718 0.44894698169643477 0.06031773413204658 0.06047043459271283 0.0 0.0 0.0 0.3865774445418751 0.4296229725106502 0.35471820925886505 0.30995436070043014 0.1985202977469691 0.676651931286819 0.2457657244594296 0.5382751114782744 0.40263023842551093 0.5878366986794862 0.1831768458458931 0.08813058230793777 0.7387977308661055 0.2871266174368118 0.6873398674146318 0.2822697048175602 0.3763702791639339 0.701984126943432 0.836654580282036 0.5043570236656714 0.5447181628932904 0.24525363333016736 0.4917416009410709 0.5879170025222635 0.4178759690827623 0.31445013350682943 0.0 0.0
0.0 0.0 0.0 0.046724284393678005 0.11671666484371204 0.10797945698664478 0.3470005798147079 0.4068164073759356 0.030574807845620566 0.0 0.0 0.0 0.0 0.0 0.0 0.0 0.0 0.49710502540274054 0.6765616055338882 0.46513581384672104 0.6757298407753167 0.7522269001477159 0.7543787825320786 0.5449476134450206 0.5152378148812392 0.41826046382934434 0.0 0.0 0.20430761456812227 0.7755610698478391 0.3513581789925433 0.056943629368543525 0.32790148489007576 0.49600180432711893 0.5112018412966035 0.82125095052228 0.6410989414285707 0.20492817309854017 0.3202942091271549 0.23533221899647055 0.04423866107657255 0.453416743223663 0.10759128968571262 0.21707554545841212 0.536126169357929 0.4219171095622799 0.5987392071704108 0.5468913106913715 0.5581930828165889 0.1124411975808857 0.09388471691217123 0.066056591083305 0.12283124647959165 0.5575280537074021 0.29369077606054234 0.0 0.0
0.41053935158035887 0.31529177742253484 0.1023295270483524 0.07866428410984745 0.14853042176173734 0.0 0.04642395684564264 0.06961796162083653 0.0 0.0 0.0 0.0 0.0 0.0 0.0 0.0 0.0 0.09861563422387898 0.1745030407375367 0.48557384046331 0.3564503960483381 0.63831356936343 0.36502551869000827 0.5573718950997172 0.7174392795368252 0.3140299543059804 0.0 0.0 0.015788802387447246 0.03963170592276285 0.0 0.016341235050203552 0.44303215805746887 0.22344267840566007 0.10084851596330226 0.2711353869125116 0.3164529949636511 0.0 0.0 0.0 0.3707041509119083 0.8263300242435463 0.40219180553561773 0.0 0.009085176107326419 0.3020444403879335 0.44040784330623356 0.0 0.48227560230051497 0.25999829831827637 0.0 0.0 0.0 0.0 0.0 0.0 0.0
0.7941053559694431 0.7929854258711302 0.7836944577215016 0.6875784394589732 0.26859346854035576 0.03144334298324836 0.0 0.0 0.0 0.0 0.0 0.0 0.0 0.0 0.0 0.0 0.10072988202130534 0.3858910289130727 0.5383601671358039 0.49113121759678424 0.19234725529845537 0.46173786940741285 0.09263000116077447 0.15323057904786824 0.4460495684668076 0.2628079047596835 0.007842593804905618 0.11782327605966893 0.0 0.0 0.0 0.15451134239764514 0.04095340955655277 0.44099386071163305 0.6973307621777908 0.6866465293614757 0.0 0.017227581330930063 0.2683922743676841 0.13139415713972313 0.4934980571078637 0.44399260744736213 0.24132857569665966 0.07206631329527136 0.5712696830366643 0.34637935208811194 0.23819541031855895 0.6624860304341252 0.6649141606220101 0.842653922919007 0.5841326939806242 0.0 0.0 0.0 0.0 0.0 0.0
0.8000601491777622 0.7990665661427999 0.6938759316714513 0.7084705201026406 0.15059874532781561 0.0 0.0 0.0 0.0 0.0 0.0 0.0 0.0 0.0 0.0 0.14140016420038432 0.5229201934176126 0.22540780891970322 0.7764436202481024 0.7750771443621123 0.5888958695697201 0.6356003932730995 0.3956102998480737 0.15488216830482923 0.5042788851439222 0.31977571452116776 0.14135387087024323 0.41811096484789356 0.0 0.0 0.15430357207497075 0.22821305515019757 0.0 0.6097378841857863 0.1848701425431899 0.6920163964057373 0.09468890598016738 0.26098554522987266 0.852357552208937 0.6551649269308949 0.16756790519131973 0.8078577175645709 0.7598726354881153 0.21565053706490256 0.5336878863154733 0.2823606993687738 0.7402393799537713 0.6971879388262034 0.4047149911147135 0.40565591136550966 0.7665023714353905 0.4340278009259877 0.0 0.0 0.0 0.0 0.0
0.8063740547939908 0.8055043345327035 0.8043399490188325 0.714756172558174 0.0 0.0 0.0 0.0 0.0 0.0 0.0 0.0 0.0 0.19839061862745855 0.158346510171298 0.4410839881468821 0.2443602469529652 0.015647488543265326 0.4771689135193346 0.782028597987133 0.7812504663580312 0.6482300117310431 0.5398950216923594 0.02328892158812397 0.18717592083445353 0.15691579192542354 0.4419631006078219 0.12716046702323205 0.023977052254290185 0.0 0.0 0.0 0.0 0.159824968457799 0.008440498980932005 0.05149214281690797 0.008601926838394575 0.07872534073114829 0.351573756675455 0.16646531430668016 0.07948626204344852 0.5500748215957749 0.01791040989429581 0.2876875293103765 0.4516684004265479 0.5000037719728494 0.36487317122767493 0.6496952251651027 0.6785175240575608 0.18340674471806803 0.055013596331423206 0.027619728269983712 0.0 0.0 0.0 0.0 0.0
0.8160934148601325 0.8139324049958496 0.8116470378782028 0.36404599538178795 0.0 0.0 0.0 0.0 0.0 0.0 0.0 0.0 0.05618378372884451 0.647380771140208 0.6444484624792264 0.4039665751671614 0.5147188054198835 0.38094770666946765 0.23749502442190962 0.6546090067379673 0.6536134388911665 0.5428957959137788 0.3934963604275807 0.41824346899643816 0.5031551783697445 0.4654954366982763 0.3812603858157458 0.23955988629051872 0.45980145108051756 0.30031186700938783 0.0 0.0 0.0 0.0 0.0 0.0 0.0 0.0 0.0 0.0 0.0 0.0 0.21472805367696357 0.8979712536338267 0.25233705822917574 0.05445442977782969 0.41875331129087107 0.7301574360532301 0.6216716569520148 0.4845324185935301 0.30146653964505754 0.00911643106821387 0.0 0.0 0.0 0.0 0.05341825457323398
0.6088435957146656 0.43584898606059963 0.5834203205065368 0.0 0.0 0.0 0.0 0.0 0.0 0.0 0.0 0.0 0.05637611472094269 0.27333518680818564 0.5855737839247099 0.22329272789634705 0.28727039226851947 0.7012950248349386 0.796296822032611 0.6432982086214384 0.4915057043918174 0.04748293326113679 0.5314776882996407 0.730315954219956 0.10322381544067404 0.015944826056188275 0.7347742662158088 0.6266339939489645 0.2994881289121465 0.5870620833127734 0.09840226629900971 0.0 0.0 0.0 0.0 0.0 0.0 0.0 0.0 0.0 0.0 0.0 0.18031021759835159 0.9002080871320908 0.5767464347351676 0.16311987390858196 0.3451607758601347 0.20035048688694934 0.5193274141724775 0.45603946321581335 0.31899408904729926 0.24545044857683646 0.0 0.0 0.17883990804965463 0.0 0.4594495171375218
0.0997487264078826 0.11592235367854808 0.182014839710398 0.0 0.0 0.0 0.0 0.0 0.0 0.0 0.0 0.0 0.05708282093157774 0.44668927200373115 0.671339794630534 0.2421594827893887 0.6259536286456584 0.312146296470589 0.5125437592682559 0.25564620672616223 0.007966307738279738 0.2788704723693073 0.15916539120107498 0.5831250884617507 0.008011945668067 0.0 0.2481269514510018 0.5809110235130193 0.5514758444295919 0.27802941267101977 0.6751375731553783 0.3311849083002364 0.0 0.0 0.0 0.0 0.0 0.0 0.0 0.0 0.0 0.0 0.3793100503560153 0.31697048426550367 0.008997602696074409 0.0 0.7078299533930955 0.7633593513442024 0.8547206261018664 0.22693584504140168 0.0 0.0 0.044793957312270344 0.0 0.825092743666704 0.34293016841980467 0.5843707135586582
0.008349368483119747 0.0 0.0 0.0 0.0 0.0 0.0 0.0 0.0 0.0 0.0 0.0 0.0 0.3434746004177503 0.7417509032955116 0.47128951632741667 0.4850008201290308 0.6447311065844435 0.6107164233549212 0.5451557084046214 0.3684451079690111 0.5046784779070862 0.521300917944662 0.28055655499912996 0.5225056761468274 0.4674566188659885 0.02423479777420735 0.7520889579097736 0.5775131202412813 0.7039948018400979 0.5691376525944306 0.4727631124716317 0.0 0.0 0.0 0.0 0.0 0.0 0.0 0.0 0.0 0.0 0.6847570540118999 0.7511570013354988 0.08175174864831766 0.009134194416657408 0.6734090229725653 0.4538668988348609 0.46293916972979793 0.480489057303631 0.009013668370394384 0.0 0.2946982953174633 0.620100296016538 0.8789223500868856 0.8708734803802943 0.8625234871914271
