agricultural_afforestation/data/SOCP_1km.txt
nrows     203.0
ncols     198.0
xllcorner     857533.25
yllcorner     4281682.625
cellsize     1000.0
NODATA_value     -9999.0
[rows 75 to 99 of 203, columns 114 to 170 of 198]
0.0 0.0 0.0 0.0 0.13059087723967056 1.1555244001949896 1.0457976673110094 1.1475470570185453 0.6989654877532651 0.6507801503659545 0.6282819824986814 0.4411082520018542 0.5543835169807364 0.44608635054964424 0.6885044162488265 0.8050242708617985 0.5959376431983617 0.0 0.401770095292444 1.093455060538552 0.9238215198324029 0.31838875168712527 0.3050697428479272 0.581923759163136 0.014561866249918183 0.0 0.0 0.7477280227417625 0.0880394478773444 0.0 0.0 0.0 0.0 0.0 0.0 0.0 0.0 0.0 0.13223889882744233 0.14678250402383672 0.0 0.0 0.0 0.0 0.07263878742019293 0.7401072740682777 0.07242235581811764 0.057697471326819905 0.0 0.0 0.0 0.0 0.0 0.0 0.0 0.0 0.0
0.0 0.0 0.31919045937014695 0.5143354817166809 0.5719860173791252 1.152488679519129 0.6869654570888843 1.2376096511700734 0.8721258952230998 0.7301204918655391 0.8728499875827296 1.0160265733563096 0.40119273626827634 0.8217463204197313 0.12624179384206163 0.3528375908434804 0.31178363661214137 0.0 0.2580055806900012 0.07177670798263426 0.07211537566929813 0.9831982385256439 1.2323119403849299 0.304936192407263 0.0 0.0 0.0 0.11713750775498613 0.2049657581634033 0.0 0.0 0.0 0.0 0.0 0.0 0.10290303629192522 0.3967535695542644 0.8372131260628738 1.0422851893079175 0.08806352960074164 0.14641238920550775 0.0 0.0 0.0 0.0 0.0 0.0 0.04325617592236955 0.0 0.0 0.0 0.0 0.0 0.0 0.0 0.0 0.0
0.07498585414939643 0.7807398725467251 0.9022521971850096 0.2557186387892861 0.7504671854738366 1.0563336486508808 0.9998094580969641 0.6630445911835561 1.0978289207659164 0.8081734658390356 0.4622248288548637 1.3566434676763055 0.27554420187800266 0.44584614096757497 0.937355695409195 0.1408529578322006 0.2832300324850119 0.014204896515191108 0.3148427050677689 0.2005964239161965 0.12969570068071345 0.3466563262307629 0.5786703832467412 0.014501059101928974 0.0 0.0 0.0 0.043762296424273844 0.10217616570912741 0.0 0.14637939041385606 0.49792211633452804 0.0 0.0 0.0 0.0 0.3814497231339528 0.4545042258291752 0.13196494701331765 0.0 0.0 0.0 0.0 0.1598498610758166 0.6090730352514013 0.15909989444997574 0.0 0.0 0.0 0.0 0.0 0.0 0.0 0.0 0.0 0.0 0.0
0.43559402781221657 0.46367128443028804 0.8608774994207387 1.1863924027108934 1.1847896386818926 0.6488254715352556 1.2058577650769722 0.7921136244579012 0.6928958115042007 0.8742489840165985 1.1793213702095104 0.806554489514639 0.42757760919051135 0.7497489006431023 1.1174749167653741 0.3654300694833028 0.608770490031355 0.3980121775301101 0.7430768502738914 0.2862974462783435 0.0 0.44718969602837066 0.5197313071600305 0.0 0.0 0.1305762579051702 0.0 0.7276775165604806 0.4954306118425508 0.0 0.029227313617140708 0.36545045580206303 0.0 0.0 0.0 0.14635114388895137 0.13179456129149536 0.014646622131740174 0.0 0.0 0.0 0.0 0.0 0.1303844640112125 0.41975520714763104 0.28872974691471065 0.12967753228316994 0.0 0.0 0.0 0.0 0.0 0.0 0.0 0.0 0.0 0.0
0.148315468720627 0.0 0.17661809096085201 0.8632633714175014 0.5499031936677745 1.1903445899715688 1.305080387105785 1.2772453135797732 1.3284224982542379 1.3265563432060288 0.13499526607469772 0.06795379038598043 0.027506478495217607 0.6511620041738537 0.5157288642504839 0.4077444756332329 0.12693028487700156 0.0 0.9415408662786499 0.6725662956287133 0.40172100156127766 0.0 0.0 0.0 0.0 0.02894003148765674 0.44957525148825234 0.885519778794968 0.610103903513784 0.014559777031057309 0.0 0.0 0.0 0.0 0.0 0.0 0.0 0.0 0.0 0.0 0.0 0.0 0.2608860315803837 0.0 0.05778499631120457 0.23067845411105825 0.0 0.0 0.0 0.0 0.0 0.0 0.0 0.0 0.0 0.0 0.0
0.0 0.2604899848370119 0.9269428973221653 1.2256274381848342 1.0212921844380487 1.0297324847772198 0.36404252722124003 1.1545349360786652 0.8998092895044941 1.1220938634271487 0.9963551646420078 1.1403286628113634 0.9451128996097835 0.17907254830371488 0.571121170976107 0.0 0.2679347888544861 0.32600316548546304 0.04273892772709084 1.0286116730904538 0.4291712476743105 0.08605502654002123 0.4738353999017384 0.08623743197764122 0.0 0.13014236514265676 0.6361338062962124 0.14482568105652255 0.10181134824024854 0.40719265504703783 0.34938972094633614 0.07281132563115153 0.0 0.0 0.0 0.0 0.0 0.0 0.0 0.0 0.0 0.0 0.0 0.0 0.0 0.0 0.0 0.0 0.0 0.0 0.0 0.0 0.0 0.0 0.0 0.0 0.0
0.0 0.024825881757162792 1.1209112987952572 0.6905638946196245 0.5088691976058214 0.9598361449761291 1.0729715918938074 1.3051001933649005 0.4862290815749666 0.7711779448613085 1.3410969911930015 1.3529582522009098 0.545159694923707 0.343878581049205 0.0 0.0 0.12705589465274103 0.22684495978736394 0.0 0.0 0.0714332471425908 0.08597642393004795 0.4160099791175107 0.12919727296604228 0.0 0.0 0.0 0.0 0.0 0.1305810057084658 0.27543548254889844 0.0 0.0 0.0 0.0 0.0 0.0 0.0 0.0 0.0 0.31806645832425917 0.043406656414649976 0.0 0.0 0.014343335440653903 0.25813294939121584 0.0 0.12822492677252104 0.05692295488072577 0.0 0.0 0.0 0.0 0.0 0.0 0.0 0.0
0.0 0.08620325972756873 1.1513428680466846 0.7741372471051782 0.8834106591386612 1.0064610587490797 0.9393290611497968 0.68951764453859 1.310771768954002 1.2963684323175473 1.1354404620840939 0.68596458896897 0.6102793375115098 0.0 0.0 0.0 0.0 0.0 0.0 0.0 0.0 0.0 0.0 0.0 0.0 0.27301512015964985 0.3739301136624794 0.5615730657928452 0.15850628826164775 0.0 0.0 0.0 0.0 0.0 0.0 0.0 0.0 0.0 0.0 0.0 0.5050036959029939 0.014384008237375723 0.3737423887841974 0.416479521564823 0.4446295749113558 0.28609720814588113 0.0 0.0 0.1279679465834278 0.0 0.0 0.0 0.0 0.0 0.0 0.0 0.0
0.0 0.0 0.369312837156189 0.9198095837235792 1.015651031768863 0.7855723305534545 0.5882382039141955 1.1235003470505525 0.8083165951306621 0.6839948995017426 1.2223778572061488 1.340311731461253 0.5664632683198942 0.0 0.0 0.0 0.0 0.0 0.0 0.0 0.0 0.0 0.0 0.0 0.0 0.45857419425693646 1.2479536112023333 0.6464667104417983 0.04319004362291099 0.0 0.0 0.0 0.08658312654044653 0.2595976162713489 0.0 0.0 0.0 0.0 0.0 0.34533477175412064 0.8776189500069711 0.9769712645830972 0.2299106767582788 0.0 0.0 0.29973911393962194 0.3131202947762839 0.042595730604462576 0.0 0.0 0.0 0.0 0.0 0.0 0.0 0.0 0.0
0.0 0.06068800861671792 1.1006466480557784 0.9377553879208559 0.6981779142278368 1.121404351997387 1.1957008695431264 0.89773224291163 0.46824932183608925 1.308753150607064 1.2811194717369412 1.000515352495868 0.13403385221506225 0.0 0.0 0.0 0.0 0.29297240533906516 0.7561743052202805 0.15463019415542217 0.25385586367583013 0.09876409965271007 0.0 0.0 0.0 0.014239011524117927 0.25727413331428534 0.18560583770304018 0.0 0.0 0.0 0.0 0.0 0.04318473031990518 0.0 0.07180120594128289 0.0 0.0 0.07172619170313393 0.674620919841936 0.07184150549632565 0.41571882302565716 0.08587374347978952 0.0 0.0 0.0 0.1704381734688797 0.0 0.0 0.0 0.0 0.0 0.0 0.0 0.0 0.0 0.0
0.0 0.0 0.2561219811747271 0.5780141792991178 1.0538131614501238 1.2519707205410262 0.6945736361690974 0.5105325133635461 0.051845496184771606 0.5601541117779972 0.9056656573959071 0.47661979697053924 0.0 0.0 0.0 0.0 0.19269856255432777 0.9298705104287405 0.823492889387939 1.0358458671856807 0.7867591962521752 0.4223544813528068 0.0 0.0 0.0 0.014170328496448746 0.781666305842552 0.5976232836611253 0.0 0.0 0.0 0.0 0.0 0.0 0.12883757291173362 0.2006628717333004 0.0 0.0 0.586911571980432 1.373729788710045 0.7720307207576955 0.0 0.0 0.0 0.0 0.0 0.0 0.0 0.0 0.0 0.0 0.0 0.0 0.0 0.0 0.0 0.0
0.0 0.0 0.0 0.0 0.8128086032780497 1.2441168236427684 0.7274126492650244 1.0519419179323577 0.6778345845434617 0.7500683000594753 0.7951068754869453 0.11816051266383969 0.0 0.0 0.0 0.5578716142023268 0.8630948319659086 0.7296775272449391 0.7753966868646256 1.1115468781938342 0.027809420466057132 0.0 0.0 0.0 0.028113328360371982 0.479935717021801 1.0894895147677748 0.70822979726048 0.05670354280730121 0.0 0.0 0.0 0.15687412734960254 0.17090352004181636 0.19991937435296003 0.07123919593425743 0.0 0.25672441354452635 1.2271406576491253 1.3690647693796398 0.9973576438608022 0.08533501258239956 0.0 0.0 0.0 0.0 0.0 0.0 0.0 0.0 0.0 0.0 0.0 0.0 0.0 0.0 0.0
0.0 0.0 0.0 0.07291790472856971 0.9555202466369304 1.2361213187086135 1.0978489008709724 1.1472718800267345 1.2722625596036636 1.1944814511610213 0.6207199732122588 0.03906291523798043 0.0 0.0 0.26892913883891045 1.0275507361440301 1.0750941350552636 0.21877219517225782 0.3720705418661503 0.4144120918480719 0.06921454693207511 0.0 0.0 0.0 0.46280801870850075 1.4041692257090796 0.6615866495525491 0.02823898867785053 0.0 0.0 0.0 0.0 0.0 0.09956171291943343 0.6251239204740716 0.9100586186387034 0.1277611631330951 0.028486983710936983 0.24185496240073456 0.9668465962134346 0.823902489348844 0.04264558725651432 0.0 0.0 0.0 0.04222759311794821 0.0 0.0 0.0 0.0 0.0 0.0 0.0 0.0 0.0 0.0 0.0
0.0 0.0 0.28643495544499853 0.4932315231797504 0.7899757787146104 1.2280244808463383 0.9908977841531459 0.6893693446550353 0.6702866572069619 0.6765120445200298 0.6311020174067148 0.16859644221587308 0.039371363857722774 0.3692964575214335 0.6665920187640842 0.4691003347333757 0.45986352937477637 0.09497444779448577 0.0 0.01375289543355396 0.0 0.0 0.0 0.0 0.16745609218803634 0.5858883609888479 0.7126114679227336 0.29391055139042477 0.0 0.01406154963804289 0.07035419113263518 0.0 0.0 0.0 0.3539042106001425 0.028373306511449696 0.5236265459200347 0.3537170883932409 0.0 0.608447812596008 0.5944487518098696 0.0 0.0 0.0 0.0 0.33747483996209027 0.15449613027084752 0.0 0.05580646210807584 0.04177048847486012 0.0 0.0 0.0 0.0 0.0 0.0 0.0
0.0923186613683431 0.1873698525112622 0.6397583899025698 0.9557657820473057 0.954048586834373 1.0007519426371994 0.8490518208583294 0.9189201370967277 0.7148109396806799 0.5966111958801606 0.0 0.11629152499216248 1.0290209723942694 0.6819422207252679 0.5033001181579414 0.026625089303272148 0.0 0.0 0.13488378406004128 0.04070519395321742 0.0 0.0 0.0 0.0 0.5113923183863914 0.30598955081835666 1.2245747327044665 0.3618406378077455 0.0 0.0 0.0 0.0 0.3932554600003575 0.4360890104534517 0.22550638058029385 0.3239260915988403 0.9728698381472448 0.39538729613058243 0.0 0.324661225018359 0.5779574604152035 0.0 0.19710576629766607 0.0 0.0 0.0 0.0 0.0 0.0 0.13901335618629937 0.0 0.0 0.0 0.0 0.0 0.31274836096203035 0.0
0.2995672851630476 0.6068130053973555 0.764558961652729 0.5234977304690861 0.2644380062698381 0.7520500081190801 1.2119680976137261 1.0639298839484326 0.6499312875219078 0.02519517063517006 0.19087805562094876 0.962453737223063 1.1894909216868703 0.10396341964808115 0.0 0.0 0.0 0.1476060519614626 1.1961600113996775 0.7289025385146122 0.6226500649662312 0.0 0.0 0.01374183278690495 0.6739210114380613 0.6057539092130863 0.6776135722720334 0.9832529336951267 0.13848437469823577 0.0 0.0 0.0 0.4755420833555754 0.013972507343513399 0.0700032699171694 0.9259729281273034 1.1233782316635152 0.0 0.0 0.09815382247332141 0.9547830645562907 0.0 0.0 0.0 0.0 0.0 0.0 0.0 0.0 0.0 0.0 0.0 0.0 0.0 0.0 0.0 0.0
0.0 0.2671933150645954 0.5956878330912816 0.8145700138936113 0.23849553332350554 1.0136157544327251 1.218988809399196 0.6397864184941519 0.13644309612270886 0.2004983808147564 0.8593625770846821 1.2730671925196404 0.6914470304504856 0.025686512730441508 0.0 0.0 0.0 0.0 0.33387458000270775 0.7236205241958045 0.5256302404979583 0.04050227893041003 0.0 0.06799932229723209 0.30048842159127803 0.5212904860691372 0.48184764450302975 0.826196733246094 1.1183017267767705 0.04143322242111762 0.0 0.0 0.6541670905400438 0.3478106916729131 0.9205387954177702 1.2850450655626857 0.768737288177199 0.09773549884125605 0.5589798420693337 0.6162325468607762 0.5180224499775046 0.06995702791957371 0.0 0.0 0.0 0.0 0.0 0.0 0.0 0.0 0.0 0.0 0.0 0.0 0.0 0.0 0.22874418970852334
0.02287855070587369 0.5630690512015234 0.8487031748706937 0.859406519136169 1.1045953833796076 0.9359292824259556 1.0659726630385622 1.0501193944947558 0.1357706755310447 1.1559040867194985 1.0897287096790254 1.2633368335608905 0.6741609118213592 0.05125168724585058 0.0 0.0 0.0 0.0 0.0 0.2534698587600874 0.14691375640555265 0.14763242643833224 0.13421821935643585 0.10817800285995932 0.6640275035205198 0.8021407830275253 0.27243376567955935 0.0 0.3572212858179817 0.206055418857648 0.0 0.0 0.623174403803558 0.4161421154980098 1.2908169290050164 0.5138726582302654 0.7231223504609413 0.7515408078202139 0.12546214019737106 0.11139319258763863 0.0 0.0 0.0 0.0 0.0 0.0 0.0 0.0 0.0 0.0 0.0 0.0 0.0 0.0 0.0 0.0 0.348752244127078
0.2489223698638839 0.41194217015967743 0.0 0.6327582975134031 0.6263046776641491 0.7627921887313869 1.0217901311132027 0.5938958920156157 0.24527487585174168 0.9376989653310839 0.9576998306837202 0.7027787775064023 0.6557903542793521 0.5075755153315401 0.11470001905890878 0.0 0.0 0.0 0.0 0.0 0.0 0.160216804777225 0.8155109637570824 0.7241136685324682 0.2827995266953906 0.027075302678002428 0.06785595286531321 0.0 0.1366742779989743 0.02737430560269493 0.0 0.0 0.5230784786877265 0.9505960339514252 1.3808067085760374 1.175475877812212 0.7620277603249539 0.7759143628944345 0.6512365974470038 0.05540842788306566 0.0 0.0 0.0 0.0 0.0 0.0 0.0 0.0 0.0 0.0 0.0 0.0 0.0 0.0 0.0 0.0 0.41398191102986426
0.5426925046060548 0.2956738822984549 0.0 0.26804492192823465 0.9264429550673513 0.6269391405249178 1.1339507842007708 0.2159343898116083 0.29145302855058514 0.7098431528796446 1.0111752723140404 0.48392264571782356 0.563930423570934 1.1352233791809776 0.824515261008938 0.6257120248696941 0.051260899888465127 0.0 0.0 0.0 0.0 0.5149114493005889 0.9810046541387522 0.7319023303172847 0.0 0.0 0.0 0.0 0.4059857406482728 0.0 0.25817446225959334 0.36783630884413815 0.9161238221213163 1.3707532888241567 1.167738037257957 0.5370919116303754 0.46791765147007625 0.06907947291970462 0.4007218942196575 0.06908355939706032 0.0 0.0 0.0 0.0 0.0 0.0 0.0 0.0 0.0 0.0 0.0 0.013535240133918193 0.0 0.0 0.0 0.0 0.14645398762879552
0.0 0.09072967909283142 0.12511579156736113 0.46231190303150327 0.8151620593565813 0.7976943413095933 0.9950770525982878 0.3940686949212706 1.168656585874099 1.214499585621933 1.224021073621105 1.072450297798845 1.2174614582306271 0.8512953707651004 1.183942958250055 1.2295726869490902 0.3945653487609272 0.0 0.0 0.0 0.0 0.02630244835494591 0.5134709571490143 0.07930037564239163 0.0 0.0 0.0 0.0 0.8610517500543116 0.8756417264906166 1.3254825752919666 1.356200320597995 1.3595838205578399 1.1172115799822322 0.0 0.0 0.0961051567258568 0.0 0.0 0.0 0.0 0.013716691355734327 0.28847102058381274 0.0 0.0 0.0 0.0 0.0 0.0 0.0 0.0 0.47184996233433985 0.05379121745449024 0.0 0.0 0.0 0.5880463497878299
0.7238263904539364 0.6972243157271659 0.7595726184851934 1.1227932244162517 0.9821634266928757 0.5716809059549995 0.4817713791839124 1.0554383366691076 1.0637062144218656 0.7945376615399284 1.056467705476069 0.8438749874671136 0.9856475156163449 0.6694016799019813 0.41227006588294096 1.0802189439835241 1.0743171571307613 0.5200089144630773 0.15276956549623114 0.0 0.0 0.0 0.49629920719850895 0.3140211622119415 0.0 0.0 0.0 0.0 0.8543421026757952 0.976969319861053 0.9808611932225401 0.8896823670302904 1.3509689963039704 0.8259008350509053 0.013524334394617511 0.0 0.0 0.0 0.0 0.2184891575506068 0.12297893264910317 0.027421831651057972 0.0 0.0 0.0 0.0 0.0 0.0 0.0 0.0 0.0 0.6846769816449971 0.8702692378105197 0.0 0.06661201183467193 0.36178879189758106 0.5895229447000312
0.26687816754581584 1.0057253846323746 0.9365279486871612 0.7517788023150032 1.0098406404503637 0.09245204675979343 0.5842116034712636 0.7278836014690736 0.74793998212385 0.740984469679576 1.2038142276543997 1.2126208499322388 1.2212142913194055 0.9593331304279206 1.0522463480845408 0.9589124158185516 0.5894460926917562 0.995980049310792 0.659046619908485 0.0 0.0 0.16730968756398779 0.7238429697350183 0.6113685476330886 0.0 0.0 0.0 0.0 0.7557912758835998 1.0641653864835552 1.0937379450904823 0.8967068362822541 1.0867624715400024 1.11706799890579 0.21573343815422427 0.0 0.0 0.0 0.0 0.6128044864318243 0.6537792160993064 0.0 0.0 0.0 0.0 0.027083026124168783 0.0 0.0 0.0 0.0 0.14725567042310211 0.5612600248300643 1.1067696654538879 0.42811765527159207 1.231397247697775 0.6282142962513418 0.8263192082087684
0.9293513513806917 1.0563331072200322 0.7845248033765957 0.7450743820555572 0.2046123403205009 0.14952730524208807 0.9605009252641131 0.9221100783883259 0.9871268037922695 1.1847568529964936 1.1220136734660862 0.6852016348503804 0.32755258660750836 1.0603307439080432 1.0556600367458702 1.2343361090672278 1.216895023772056 1.2239866496663605 1.1679575525854808 0.31511660880634274 0.0 0.21698864067963752 0.8723974615771428 0.6309095028044944 0.16802165738425873 0.0 0.0 0.0 0.1978806986592733 0.2505876899957681 0.0664847263715164 0.9040610907154393 1.266253079083982 0.7626894453023997 0.2942081802036394 0.04017565360273099 0.0 0.0 0.23001088543464432 0.8130343371927838 0.16251094161253685 0.3116482223788579 0.0 0.0 0.04059419289493604 0.8369618534756352 0.5790532078380379 0.20172218250055482 0.0 0.0 0.2666366133973303 1.2518916147666175 0.9473794209370483 0.9745703426902474 1.1457418455974175 1.209121825678162 1.2328982321338517
0.9893189125870555 0.5112222933091196 0.802801534050067 0.36968254766908515 0.0 0.6157737141577148 1.0559553704047957 0.7168590340227375 1.119387277062277 1.0807781906436154 0.6031956519337247 0.8100794470074734 0.6840837813886593 0.7957467236904636 0.4611434247388104 1.1496673115471185 1.2303548683476289 0.7804625130289337 0.4853787785556347 0.9379137294659792 0.37653009400047355 0.0 0.10215776017592992 0.10230139943174 0.0 0.0 0.0 0.0 0.0 0.0 0.0 0.30386759740399216 1.177234576447045 1.0753260893829706 1.0927611720609685 1.0945940601561088 0.14699272737634836 0.0267605925292564 0.0 0.33707276585267326 0.7284643243295577 0.8636167995022064 0.32343589391632643 0.040366312672711104 0.6319582599528287 1.2765758696411196 1.3277588548874149 0.41450301981494697 0.4663475709245375 0.7979115544868702 0.9451793596339184 1.2537441861516587 1.0518816637511026 1.142228448265081 0.8877444065604053 0.7804747949815617 0.5412445268853903
