agricultural_afforestation/data/SOCP_1km.txt
nrows     203.0
ncols     198.0
xllcorner     857533.25
yllcorner     4281682.625
cellsize     1000.0
NODATA_value     -9999.0
[rows 150 to 174 of 203, columns 57 to 113 of 198]
0.0 0.0 0.0 0.0 0.0 0.0 0.0 0.0 0.0 0.0 0.0 0.0 0.0 0.0 0.0 0.4477964027199815 0.8558055970549061 0.5875350155328211 0.6058378237988366 0.8900012780476131 0.8485296864028687 0.5586658638090465 0.6623939274611201 0.26405284614757063 0.12699286253484787 0.0 0.0 0.0 0.0 0.0 0.0 0.0 0.0 0.0 0.0 0.0 0.0 0.0 0.0 0.0 0.0 0.0 0.0 0.0 0.0 0.0 0.0 0.0 0.0 0.0 0.0 0.0 0.0 0.0 0.0 0.0 0.0
0.0 0.0 0.0 0.0 0.0 0.0 0.0 0.0 0.0 0.0 0.0 0.0 0.0 0.0 0.12858987121902724 0.8128463380840099 0.849691558634407 0.9029185848401593 0.6656692219680177 0.7085077073192404 0.8416373446553281 0.31065586854043764 0.43649773984681517 0.6358708703731017 0.4562907740703611 0.05854164908110604 0.0 0.0 0.0 0.0 0.0 0.0 0.0 0.0 0.0 0.0 0.0 0.0 0.0 0.0 0.0 0.0 0.0 0.0 0.0 0.0 0.0 0.0 0.0 0.0 0.0 0.0 0.0 0.0 0.0 0.0 0.0
0.0 0.0 0.0 0.0 0.0 0.0 0.0 0.0 0.0 0.0 0.0 0.0 0.0 0.03021393849690813 0.39896200471533927 0.27588089925138337 0.5027349816121586 0.7052682983534413 0.8912448446372503 0.6466853614187235 0.6083082659711856 0.1959990266417794 0.5265419458185202 0.27671490914950236 0.13514572014361426 0.3504806753172588 0.0 0.0 0.0 0.0 0.0 0.0 0.0 0.0 0.0 0.0 0.0 0.0 0.0 0.0 0.0 0.0 0.0 0.0 0.0 0.0 0.0 0.0 0.0 0.0 0.0 0.0 0.0 0.0 0.0 0.0 0.0
0.0 0.0 0.0 0.0 0.0 0.0 0.0 0.0 0.0 0.0 0.0 0.04177587324344941 0.1238144978183801 0.6398577488648344 0.7121386198573765 0.7200311412171866 0.8365337923270604 0.5920146161559022 0.7337212556571259 0.5379770110346629 0.14649756348395135 0.0 0.0 0.31078384168830026 0.14545762623614486 0.0 0.0 0.0 0.0 0.0 0.0 0.0 0.0 0.0 0.0 0.0 0.0 0.0 0.0 0.0 0.0 0.0 0.0 0.0 0.0 0.0 0.0 0.0 0.0 0.0 0.0 0.0 0.0 0.0 0.0 0.0 0.0
0.08442807266063142 0.0 0.0 0.0 0.0 0.0 0.0 0.0 0.0 0.0 0.0 0.1775604669709372 0.3222022544246729 0.8460627559456508 0.2823070899939768 0.4840059792891979 0.6448906186110723 0.6415071365490792 0.25531581089741306 0.2887876223508564 0.0 0.0 0.0 0.04307133624063525 0.4776256275957353 0.06752230546663321 0.0 0.0 0.0 0.0 0.0 0.0 0.0 0.0 0.0 0.0 0.0 0.0 0.0 0.0 0.0 0.0 0.0 0.0 0.0 0.13721998974776828 0.0 0.0 0.0 0.03360728219777046 0.09081339259842744 0.0 0.0 0.0 0.0 0.0 0.0
0.0120820738957255 0.0 0.0 0.0 0.0 0.0 0.0 0.0 0.0 0.0 0.0 0.14695250471587268 0.34307406516440375 0.6955582092144903 0.6564730466256818 0.29869162990550757 0.5757126597403591 0.8366817470060731 0.5883964279556618 0.513257482408606 0.3936822183421927 0.3504682879799738 0.4070613668782082 0.41779618644960775 0.4878404447092962 0.05929691959809051 0.1649499508044782 0.18805748752124543 0.16014600211741895 0.0 0.0 0.0 0.0 0.0 0.0 0.0 0.0 0.0 0.0 0.0 0.0 0.0 0.0 0.0 0.0 0.2174886498402709 0.278101605841103 0.01082281053146511 0.14291724417287952 0.18100599811194149 0.20577932126341592 0.029605298423794 0.0 0.0 0.0 0.0 0.0
0.0 0.0 0.0 0.0 0.0 0.0 0.31774659147648576 0.28206170374323875 0.0 0.0 0.0 0.0 0.0 0.010200823009682182 0.5971649620504503 0.38045301070580007 0.3220175707140296 0.7149677478681409 0.6359890563180219 0.7086486946856078 0.34896741111211793 0.42422395326497025 0.4971635093682565 0.40935808151308417 0.21453633479471082 0.10993019049197925 0.4308681720601436 0.10637537370597744 0.15991746281165045 0.17483321867657473 0.0 0.0 0.0 0.0 0.0 0.0 0.0 0.0 0.0 0.0 0.0 0.0 0.0 0.06691720227194302 0.09216145767241617 0.18604734243803003 0.04012661682489109 0.06395244101529843 0.29933221961903156 0.20658447101278954 0.03694873735256706 0.0 0.0 0.0 0.0 0.0 0.0034133592952857866
0.0 0.0 0.0 0.0 0.0 0.0 0.12542570698690914 0.35003534578025214 0.0 0.0 0.0 0.0 0.0 0.0 0.0 0.11985575796506093 0.6190425516725534 0.5129729734898378 0.6097031030638009 0.3285280994962263 0.43265569538945636 0.2705419346538229 0.5773145391797563 0.28099098124756605 0.33426950316144927 0.40563249124420353 0.6174180554594398 0.0 0.09649371974414302 0.22315242186572803 0.0 0.0 0.0 0.0 0.0 0.0 0.0 0.0 0.0 0.0 0.18970742101780558 0.14469318449238344 0.07125117783711152 0.18153464161321206 0.40627130122292676 0.46298764355262223 0.13479728506574434 0.14889106510377753 0.38365546189374666 0.33532080858268926 0.12978232594889663 0.0 0.0 0.0203373312511376 0.09724174335329823 0.016796204470341095 0.12500380228391453
0.0 0.0 0.0 0.0 0.0 0.0 0.0 0.0 0.0 0.0 0.0 0.0 0.0 0.0 0.0 0.19926964813737316 0.2755660805850927 0.2049193082303634 0.31413065758383096 0.7127086746942524 0.6821422474773821 0.11787237569702168 0.6055503400880248 0.008820831533748219 0.2407142342885138 0.287034316356101 0.5609708167684073 0.0 0.09674090088133197 0.08810679137804729 0.0 0.0 0.0 0.0 0.0 0.0 0.0 0.0 0.0 0.22446060197134804 0.3447225834806818 0.4384853511130974 0.0 0.28750646010512754 0.4803013151358856 0.49153111354657636 0.4270232503306496 0.26282717413624634 0.2818529587102279 0.3809960965460633 0.21584011901715766 0.07045232919724005 0.20207549146749404 0.23301440591403552 0.3466341461653478 0.2315876241886498 0.17607062367081533
0.0 0.0 0.0 0.0 0.0 0.0 0.0 0.0 0.2696220524186237 0.10049796072038798 0.0 0.010684757700658111 0.23368431480270177 0.0 0.0 0.0 0.19764552926127466 0.698891936419558 0.5077145605627555 0.34674738502959745 0.766688230981303 0.31600910572429275 0.46489370873511715 0.017433389484809936 0.4220168618940799 0.5856524831343829 0.5033650685142775 0.14859607232789315 0.2271218850086172 0.0 0.0 0.10823936980031156 0.0385501578162212 0.0 0.0 0.0 0.0 0.0 0.0 0.23588324747934392 0.37001041639882104 0.4753582003961305 0.48721025602131923 0.5699505339975063 0.4628760308415245 0.39017371750681606 0.28357035708785167 0.40686566639229094 0.2625388176324408 0.40861388594583964 0.36947605841833064 0.22529417307804023 0.32446738350145327 0.2090520791907608 0.35316484730109216 0.28873838191074463 0.08979219511485002
0.0 0.0 0.0 0.0 0.0 0.0 0.0 0.0 0.0 0.0 0.0 0.25753119866336877 0.6696980539942635 0.0 0.0 0.1201712331079513 0.575762648809465 0.281431539053224 0.9091036778270462 0.1987533921022172 0.20372498312539544 0.0 0.0 0.33228222349399494 0.329659967141985 0.36527715435559666 0.554617254756449 0.6035957346143915 0.6202844804731319 0.1456050870030471 0.0 0.24833237546197537 0.19340707428165974 0.0 0.0 0.0 0.09583942782357924 0.0 0.0 0.25219727086056887 0.3184426245609232 0.18810870140843167 0.628278887072256 0.5966332665433375 0.38738835958544504 0.14720211381050202 0.02009256528554326 0.4192252440355212 0.08426376262415786 0.1696306158847411 0.2667591365296582 0.23632034052573972 0.3606492166761668 0.21907023298756426 0.3506552238731119 0.3501768346953009 0.23690070162168542
0.0 0.0 0.0 0.0 0.0 0.0 0.0 0.0 0.0 0.0 0.0 0.08630469755429288 0.32001043793209216 0.5557693833306943 0.1553694112844044 0.010035455014985359 0.7444510630812162 0.22493118891952807 0.6408877904092466 0.4443111770120771 0.0 0.0 0.0 0.140029687790292 0.17254241282188373 0.17105001264356376 0.42810303338397065 0.4547235962985861 0.43473661612554726 0.3783119434114348 0.0 0.3914120653117602 0.5823349133462363 0.023167684508514017 0.015215242411025287 0.0 0.08124043753957635 0.0 0.0 0.11419520446623853 0.6294573454553488 0.24568056119384835 0.4032684104038659 0.5099916402145889 0.4674481759701172 0.4003992703021919 0.19714301956633884 0.4187472537471297 0.35734344745760344 0.044880722299761575 0.3432959797152172 0.39341186175135273 0.27516702120883557 0.345835582308706 0.39830723223546854 0.3926460800620284 0.3887087160922552
0.0 0.0 0.0 0.0 0.0 0.0 0.0 0.0 0.0 0.0897411088746853 0.08774295561631865 0.6542134777846704 0.13815161509245208 0.3258548388423355 0.20731829771162638 0.0 0.39756583835327997 0.019665426844557972 0.0 0.17861668660188756 0.0 0.0 0.0 0.0 0.06057592569144182 0.163033027291815 0.45315447654956786 0.5231748859824121 0.6482970848152019 0.35430141117920916 0.007944469460521192 0.5283634674254367 0.5768901854043433 0.054143312954573385 0.4653370103132608 0.1291501306022944 0.0 0.0 0.0 0.0 0.16411639295997396 0.433736568209004 0.22884783077227952 0.40499716765639643 0.4685778884622045 0.17196252600879647 0.48004483970766365 0.3686295222293385 0.3393410624633855 0.33119296644917956 0.16692714546052004 0.3186648304733119 0.20866454201977647 0.3084640435735742 0.2848735033531556 0.20217371390520497 0.3056886876241347
0.0 0.0 0.0 0.0 0.0 0.0 0.0 0.0 0.0 0.3705030238099749 0.5010056062401961 0.6116257558146925 0.0 0.5886536648743085 0.6728315682951709 0.13290644199506896 0.019915878335280413 0.0 0.0 0.0 0.0 0.0 0.0 0.008760410738864266 0.1291244186242005 0.41801803994356307 0.4367839516830497 0.7159239158948381 0.41883050852301057 0.5997405633575945 0.0 0.554593538665273 0.6045410550707422 0.23354237830971336 0.007629381135981816 0.15207037966794884 0.0 0.1566518679132176 0.0 0.06517904783178796 0.5993358863730216 0.3674099293374087 0.4165612181838899 0.5369609613960135 0.44067907477465806 0.5436095247798575 0.5600016600400871 0.40893277104019 0.2736010049588879 0.38666784968943685 0.3829706002033106 0.27848864377570326 0.018181786944422896 0.29451783029483336 0.3841797893031563 0.2218194494245044 0.20462141331099465
0.0 0.0 0.0 0.0 0.0 0.0 0.0 0.0 0.0 0.101071573761979 0.5120195430812333 0.32808730876943415 0.0 0.0 0.3619619159493909 0.2851741302992234 0.419857636611183 0.26465323258572754 0.11585294616154235 0.12206630243486549 0.36034272368314296 0.10042096837226865 0.0 0.3671493757255213 0.24285857512999573 0.5451892013693911 0.3123751373924917 0.8244327415370996 0.35452296679336537 0.2361521349714783 0.0 0.49246593819502604 0.787869533756509 0.4377272485203749 0.0 0.0 0.0 0.03734122058700231 0.0 0.0 0.16951895079453175 0.2993307749974131 0.5344430549262296 0.6455181332312021 0.40491688124304465 0.5421968958123494 0.269087189058637 0.25416828951243703 0.5304972063124924 0.42483458906482907 0.3268066657642534 0.24179259689909774 0.24703465872988117 0.13196891613543166 0.26588570764713926 0.22706358916550617 0.34596614703309403
0.0 0.0 0.0 0.0 0.0 0.0 0.0 0.0 0.0 0.317055863470284 0.43606609558788373 0.0 0.0 0.0 0.3636156393052006 0.2845769597819392 0.20049493744946664 0.26438215193553705 0.48159110224754853 0.46073200896768096 0.6471131913210841 0.08148440078761342 0.355760673741408 0.4113134010465242 0.7605354824336606 0.5377135592774648 0.6068290923561747 0.8088657659441437 0.4531895106224955 0.13078343980208124 0.0 0.6226293182363044 0.5531137955772437 0.49437463869853976 0.11639464038797813 0.0 0.0 0.0 0.0 0.0 0.0 0.06932994465670472 0.28179674783619246 0.44093555181546457 0.5847330631627472 0.5568550067426502 0.3400418044951805 0.4744159036329743 0.5440304236696581 0.32098209045857545 0.3885029684240903 0.25309040749243333 0.39140068154579516 0.19957287039928728 0.3275441188524507 0.190733188922147 0.2719310792508312
0.0 0.0 0.0 0.0 0.0 0.0 0.0 0.0 0.0 0.05668823897736363 0.5030557972300932 0.0 0.0 0.0 0.41825895003808994 0.0 0.6714373611556421 0.2746678478623158 0.8084968212965422 0.7361667219446628 0.12092003086389096 0.3970505136424954 0.630820803944708 0.5071593033693436 0.6123636789040429 0.6735659954296289 0.7844345091352987 0.7017956563556033 0.3052278639250664 0.0 0.06457430160099256 0.6729554518827042 0.5004758889836928 0.7625333460582925 0.38188311700255284 0.0 0.0 0.0 0.0 0.0 0.0 0.23444126466821674 0.37245329845203723 0.32207283993225033 0.08856546650474789 0.31836956136026817 0.4204492999175025 0.46108473913669895 0.3431636798643068 0.538959950107917 0.4649654007595829 0.508644780069638 0.430847324543864 0.45508322200553486 0.3038887221468511 0.3258675440906049 0.34906364872093265
0.0 0.0 0.0 0.0 0.0 0.0 0.0 0.0 0.0 0.0 0.2797235671439679 0.2541703874826485 0.27063074754651234 0.0 0.3434331956423628 0.5841258798785853 0.3009756475462868 0.5301194893374496 0.8586254984734613 0.06652985111262302 0.5251559557070952 0.6407616263336021 0.6636562845451226 0.6455249680585003 0.35293757925881114 0.3931897314106835 0.4811368680883545 0.5945692911897755 0.16614061169573163 0.0 0.16997419983491535 0.5868269927038827 0.6775842780373063 0.47291211529207255 0.5391832321461347 0.324532146257234 0.0 0.0 0.0 0.0 0.0 0.19407131662275626 0.5700308110997019 0.4232532845997973 0.23628135837550734 0.2066705169259169 0.11982057113988315 0.5079870199416963 0.5213052205668611 0.39744337162486754 0.21464433586033665 0.5215045712149222 0.3658943257309305 0.4139159254721021 0.3473482696845189 0.383632632956334 0.41998164828808565
0.0 0.0 0.0 0.0 0.0 0.0 0.0 0.0 0.02338719650295991 0.0 0.2793633714013836 0.9730196339651116 0.4881264550247025 0.0 0.29151895329485916 0.5561222943995916 0.009967074966502992 0.2560110664033909 0.37868058875062516 0.14076924248268757 0.500971669176526 0.31480059922239756 0.13344858470697574 0.19105161173430144 0.38892188067282296 0.6149766975167177 0.7874016295613108 0.3023637086938603 0.324657739552938 0.0 0.07355047520082875 0.5325692482540446 0.7994386240730403 0.6960496192687482 0.7825740057178491 0.4490766653191739 0.15347527101543412 0.10606542579095755 0.0 0.0 0.0 0.07615461856969881 0.5314821545236318 0.38556702976917456 0.5890091622810295 0.6288356492859469 0.5685885202987166 0.5939663525501921 0.5254681516187943 0.5062409424875095 0.5139189044477712 0.42224498112927616 0.46430942116410057 0.15212814234731395 0.41413040465987533 0.3935566399914148 0.48366195595912037
0.0 0.0 0.0 0.0 0.29669943478137395 0.0 0.45607752653844436 0.8279613803694724 0.7475225738758146 0.0 0.05598197191282191 0.7100627349505453 0.40149791631933057 0.1829481164731591 0.2517429861209599 0.7099963471597778 0.0407296109306499 0.39534543786333765 0.19508331968732245 0.1996195279353632 0.0 0.07211220485890255 0.4444498958129222 0.23732244080823353 0.43275113456823094 0.5229141985876852 0.8075012165188926 0.5982903120111249 0.567745941614842 0.0 0.5164120661954283 0.3885145933173868 0.6735056161977905 0.4450671780428156 0.30639593776172797 0.3401952798136031 0.5441632876712559 0.4844409991678788 0.5048973915000162 0.5200011559361574 0.4997992101589376 0.6574171450987756 0.5061215281317549 0.50098469513065 0.2731778581976954 0.5027612532718875 0.35755902616606083 0.35610655405320535 0.5808255275683976 0.36705600803608446 0.5295356366024669 0.4309847637103649 0.39281444778644503 0.41845662694840646 0.3737021701026682 0.3113896731500835 0.43107258845762464
0.0 0.0 0.0 0.012514380629856362 0.3839421405602818 0.2213236517589342 0.27763360479165244 0.745351101408749 0.2691888785897865 0.2640820421668328 0.5525345416975342 0.6012798494496848 0.6304830785630755 0.6000554809374249 0.7366801235642244 0.8464554673547285 0.16165802793767098 0.22951742817749735 0.1260325912900446 0.20111448029451953 0.0 0.557967509649271 0.5401463939889818 0.3546071024948467 0.43684898678806455 0.794426157270065 0.4093319553747594 0.7536740325637218 0.6541929937699944 0.2654499095442515 0.7735202457721909 0.34194084954899095 0.7651695751028083 0.6140336180704176 0.14994212484431912 0.22477543247806014 0.621536694950821 0.6290075495210457 0.2968750048778143 0.5430909563341159 0.5312461197953753 0.48376804836499754 0.4885475615462695 0.4111220945812643 0.4982975607133826 0.6412322116869484 0.4938612014502337 0.5672323009594937 0.5955317717556755 0.5813118313043288 0.5563706741022166 0.4047196523059278 0.3760384318316582 0.2835940003484753 0.15306161845831456 0.06114639455670357 0.4963861778142458
0.0 0.0 0.0 0.0877894965740609 0.76941469208326 0.38006151881260597 0.4686066916743967 1.1630158762121618 1.145101897946156 0.4936815856875309 0.9269658995712267 0.7345571428573786 1.0050735159157638 0.6668543301756213 0.9065687472562667 0.8791172135672662 0.23534227766816845 0.09883557676416792 0.38989619978307266 0.10603742499886035 0.0 0.4778762501343698 0.49900954075453274 0.5265684560228115 0.7573832990498381 0.3825364418017122 0.576421245765832 0.3587926468850272 0.46365992809872214 0.24136555070215066 0.7938134081915151 0.36753210074649706 0.6547115532180632 0.520745365971511 0.5683653371210019 0.2583271147981778 0.5001320566605264 0.5848177395669777 0.12659052389951392 0.6261225900681068 0.5494899917778101 0.6227344476209701 0.6284625006511224 0.5083877604554466 0.2375098192036145 0.49693490190324485 0.35539463580194736 0.42572458662770385 0.603779086903828 0.41868010365216024 0.5081860897003524 0.4796974345633677 0.3546305797488812 0.25389248995379815 0.2673358726354758 0.09426849964077996 0.3774221890848345
0.0 0.0 0.1914773400923738 0.2513178764480687 0.8434474095366971 0.5275439969565022 0.15587325313998868 0.9629221852170647 0.233931241239012 0.2878223684156656 0.2491642157575281 0.8566693423965409 0.8431055624894718 0.9042643871016236 0.654305809548595 0.6546793693436761 0.3172973928332266 0.05952317469436716 0.5906055912834254 0.20305483168436905 0.095286028173939 0.23137112145395086 0.5936725144098185 0.8186537211089433 0.6906503037441273 0.5861692645006621 0.8561988740985034 0.833416387833869 0.45138516856885685 0.016687262325592003 0.4482737645040989 0.6820536202178261 0.5195754116185826 0.8033948698896705 0.587506858002769 0.6267798999454837 0.12431551532336757 0.0 0.0 0.4271845718678782 0.46485601973685825 0.7132871282545035 0.6960423851454072 0.6605201513712867 0.5012955497002409 0.5086226030351526 0.6388023392915487 0.4495685178062524 0.40349238054875103 0.5093967439317026 0.3569297887622484 0.28870496760665393 0.4408191214505319 0.12259325043659354 0.22333760700112737 0.4606143084589473 0.41804445530354406
0.0 0.0 0.01268772836273581 1.0187158399790304 0.6581694287204886 0.19571475324251308 0.6146625426710233 1.0109159547248394 0.6889269061766085 0.34714119211278205 0.7361980413723586 1.115790563260675 0.800856223331626 1.0571187124587629 0.8807148597280121 0.8125104209438619 0.2266323556676408 0.13097239179665648 0.40305509864422817 0.2235739061228327 0.6384012489960648 0.635255786890239 0.883994171335674 0.9064279636577512 0.7772591973237637 0.7312860990184926 0.8364727167046399 0.8134409294240387 0.521586636160683 0.008522896798678545 0.4760289459345351 0.7932925876063935 0.7923898132823926 0.8071486398516055 0.7972369264806183 0.5519105744308752 0.0 0.0 0.09744287631678779 0.6312252615966265 0.4754415208501422 0.6594630379204588 0.682911420732549 0.5694311656457902 0.2673859495299395 0.3760728785834155 0.4705386671369045 0.17007932702158154 0.45865544306228323 0.6006452695282773 0.5292578130208762 0.5835717236027234 0.4693680030995555 0.5459264124126622 0.5262878589327442 0.5234695348638708 0.5379559972831668
0.36625327301073235 0.012824438123322266 0.3555438943010113 1.0050381723867092 0.5587466421954562 0.4887971106957526 0.9517551384422887 0.8438536527947004 1.124130295291035 0.6472862151217198 0.567487735429748 1.0612421969872865 1.055590099293055 1.0812168962279383 0.3403390770683955 0.3332987762048473 0.44234224838597946 0.8379565117328654 0.4551739233446277 0.5861921502117234 0.9095420640428771 0.9419578646617108 0.8346713583553865 0.8392495032931384 0.7638375310453057 0.8873911111460516 0.8783227423830601 0.7411526419808194 0.6798415656383449 0.1453924131001103 0.42850326149673595 0.5145730891645234 0.5742405462525039 0.7788362576319467 0.6802890385254226 0.7198419496490458 0.45317766318519165 0.046185873037316326 0.03018399540614112 0.380815231961835 0.351732692134619 0.6784345847669171 0.7088327126801436 0.6948858991801565 0.6771269274564296 0.6639354626549305 0.6512026108722218 0.6195616605761992 0.5324013736018492 0.4602877784935565 0.42312328630356566 0.5921790248582758 0.4200758521194823 0.44615140582054624 0.5129404266336594 0.48318428607987146 0.05979753110581257
