agricultural_afforestation/data/SOCP_1km.txt
nrows     203.0
ncols     198.0
xllcorner     857533.25
yllcorner     4281682.625
cellsize     1000.0
NODATA_value     -9999.0
[rows 100 to 124 of 203, columns 114 to 170 of 198]
0.8633967905277261 1.02406764270888 0.43223453051468735 0.0 0.2919227936551755 0.8261115202723417 0.9563310554207732 0.2514975015631447 1.1212211475813887 0.48846553955398425 0.07037713974556022 0.8502362655202933 0.7249656117719206 1.017374238435301 1.2039115893507808 1.2113852443188704 1.21868954469733 0.8092448597825513 0.44385251724680796 0.7315319684568009 0.44885738502000816 0.0 0.0 0.13917898116646482 0.3550004706663777 0.01268901953754215 0.0 0.0 0.0 0.0 0.0 0.30071177101532426 1.19514710585401 1.2520829777398523 0.9523604788955331 0.995887456731224 0.8781782566614161 1.0002577419549292 0.0 0.38911184040917585 1.2347951496219245 1.262392627756377 1.0873535716286649 0.6571345860584878 0.9648320036941155 1.3368735247883734 1.3340258365585604 1.2512386032160538 0.9431059438622003 1.170405284948649 1.2499289029387401 1.2072618770182708 1.1650602289169152 1.0705525032862229 1.0545332204518953 0.5263297543910417 0.0
0.47680662281258296 0.809408862659314 0.6380845787541644 0.3773281085039161 0.08970730837255167 0.7970290798351852 1.1066200892803644 0.35321594619421337 0.7226465657078911 0.854511526840885 1.0805344005068331 0.9345549742792967 0.929860765840739 0.5809583689377271 0.8589002930196638 1.1996503237288973 1.2068418586434777 1.0189455558838008 1.0372040480253355 1.2275412696319037 0.9491719763712722 0.395745517450841 0.0 0.28785403248877794 0.8184362667128364 0.13879381569684995 0.0 0.0 0.0 0.0 0.23233956144219198 0.8051419365481166 1.042142687487781 0.9423916981237854 1.115016666289523 1.092941807625269 0.8053924702077992 0.8354350891324108 0.41215856747278684 1.0665811245894048 1.1223577497724615 0.8827494240803664 1.0025132472530207 0.7339432258935494 0.8917301578978748 1.329339912005612 1.1010898790251038 1.2191772552307734 0.7561404599783376 0.9134663937340602 1.0580373288393023 0.805277154104995 0.7105745797220059 0.6175665931559098 1.0352961665748073 0.7978183333017518 0.2734150238081171
0.6788645898478628 0.1513679030542467 0.15371770851576982 0.03321393730684366 0.17722763510038472 0.15702842188125324 1.0662372415498407 0.9014807870998542 0.23867914042823996 0.011427012830731116 0.8056487163238041 0.8925331876738787 0.815344453037853 1.173239941950092 0.6020043700052706 0.879956999579639 0.6688255745459055 1.1293640414578767 1.063736705744492 1.1549080651125836 0.8919444875901773 1.0198860892966988 0.7398896788958326 0.8190225220872535 0.5495682136344066 0.0 0.0 0.0 0.0 0.08917019128063794 0.5007558331574401 0.4129233021666194 0.5680754774187307 1.1416710187112633 0.7689712320162629 1.2029758845859233 1.010973813516756 1.2380306277542747 0.9507154197421397 0.636405248229317 0.8629985625205295 1.1168247110008547 0.9040623870343075 0.9678254935970421 1.1655478592486894 1.3215067563112748 1.2287992887691774 0.7394512607042543 0.646318589467284 0.7767156137638443 1.0107955499604886 0.8397473817779522 0.6411371496786618 0.8755219208268084 0.20873656999292617 0.20802271314763843 0.20798570713152004
0.8546897128436819 0.10726556236739215 0.0 0.0 0.8366976224919118 0.2879548302150614 0.8717372420346552 0.2243595949001124 0.0 0.4404927417083123 1.1168626446417322 1.044238875509126 1.0502854161438604 0.7077041517645586 1.0628771219740627 0.5300364467269763 1.1825508112816387 1.1894110777119868 1.1242088812280056 0.5658182919933276 0.9203382996298473 1.1067210001562968 1.0626938177358867 0.23374459658280108 0.08656829977624361 0.18597416289938745 0.8471871065437516 0.5753349665249898 1.019527393601548 1.188634273495666 0.989563441563903 0.16510924193264057 0.6154072861809201 1.0934717242830192 1.0593098394156666 1.0885393882918613 0.7535776116803214 0.6264728762294139 0.9574476859712971 0.9481650909506129 0.47625903026034827 0.3180617691755585 0.10583770106998532 1.1206162169232634 0.2898700077892896 0.513565181520744 0.9854265153352733 0.6294855895336922 0.53733674822615 0.9028381759835615 0.8742602829659851 1.1197178565078705 0.6892892762977293 0.19498698167778264 0.0 0.05162714313414517 0.0
0.5198217887074954 0.6931588845229216 0.24668070676928455 0.0 0.8951708859686651 1.044850533406081 0.764204061034696 0.0 0.0 0.5733446856320719 0.6098595378442349 0.15822595317715418 0.8692804174588167 0.8735099741238519 0.9131128169792988 0.5347675012210755 0.7839767167150308 1.0122055402657046 1.1478027789343834 0.8680150595108612 0.538970957245692 1.167293356780186 1.1250865571302104 0.863609831617964 0.17034940347459504 0.2700800797391385 0.9627806121968827 1.0916931079086658 0.9838009257175794 0.6764625254178404 1.0441781603832396 0.9724252493337392 0.672735637574769 0.9821207538619944 0.9850103560655422 0.9765341008703019 1.0324590972962082 1.0889173314413407 0.3514556925346434 0.5489194369104691 0.0 0.0 0.0 0.4052770200818814 0.5614115676115835 0.9407391195212218 0.5866461825571269 0.8845910049172379 1.1698973546209115 0.6751162778130577 0.8821579177249479 1.1257196843137431 0.19387997087468978 0.0 0.2699154478682472 0.2566401357027504 0.0
0.38944768001158686 0.8046805840200947 0.03204554926971323 0.0646494571218666 0.9192426084951709 0.7846431470946701 0.14195220368575398 0.022022714156634662 0.0 0.3124731346797252 0.7264905531557154 0.6751233202049757 1.0737540868149842 0.22804851165441273 1.0299543616023814 0.9100070068037097 1.0648432681394928 1.1640388400219588 0.9128073963939837 1.1772096663990916 1.1003993246233639 0.9161979960993526 0.7543889298600084 0.541364472619855 0.6029054221787539 1.0335267808614688 1.2215170405917604 1.227580047906221 1.2335690649601052 0.581982252058846 1.0214020879402692 0.7251483232754532 1.0934226531175253 0.30284187584763667 0.5575820442491526 0.8920056780559208 0.4866525530467464 0.6676321308876849 0.8107414372615779 0.0 0.0 0.0 0.06477875197450927 1.1939082129766272 1.1160445632495994 0.9978676018769594 0.646319628492727 0.9825358917762591 1.1232658124176926 0.42547771152450903 0.0 0.2954966728567795 0.6672660242205679 0.11522951595855202 0.5102388006370583 0.39554246838752916 0.1274542142135018
0.22916034464053384 0.7671203096790118 0.0 0.29718149711104863 0.6434807757264895 0.6159696796794467 0.28193131474197775 0.4268179582021734 0.26304138104372615 0.818651186363567 0.578933385668891 0.6466390448407289 1.1183109435599046 0.29131859884935923 0.9280840923512906 0.5804409216457318 0.98438336949934 0.6570525044078215 0.6150416166269245 0.850336674174692 1.1704834640677548 1.0240824434009117 0.5671344887198284 0.6425553083893171 0.5023450867360388 0.8660445824958741 1.087780448997979 1.2024652434498238 1.2205792033695295 0.7224452232543234 0.7765255998436561 1.0531153302629905 1.0450597502124648 0.9746786800234787 0.7029580527283302 0.7321938209726082 0.9488958104004018 0.4961392126684048 0.3450088587529705 0.0 0.0 0.0 0.2439211466600359 0.9384641986112517 0.810179785124399 0.8348409504497238 0.8857037867017343 0.4360097766421598 1.0364034369210775 0.34574747888283575 0.0 0.0 0.5092921671203327 0.45744360642883236 0.2666543378583559 0.16505618518148585 0.3416705318155761
0.5786839603193809 0.1250841269176391 0.178199182008162 0.9066470686418799 0.393492463329792 0.3748413873898071 0.22575027385993535 0.18450117187096776 0.7507481086617317 0.6462173986314653 0.49574547301825106 0.7078479196697336 0.7788674521038841 0.9254807302065061 0.6050860057232326 0.4281161378735057 0.20455326954827463 0.32938835592675886 0.0690449564765878 0.5647485823871605 0.5797858782112759 0.7341400188790116 0.9598381383541948 0.38827526273446733 0.9816353531469071 0.6792788191430776 0.44294450212279035 0.27740624368200806 1.0749654401290205 1.0796839321465166 1.0724541959633884 0.5879946031014757 0.4070158328733062 0.7168828503835402 0.28542167013264086 0.5105870740378088 1.1015473200192296 0.31376003714365497 0.025298488715300663 0.0 0.0 0.0 0.44595496952321034 0.6359787896803019 0.815168581045386 1.0301905900415684 0.5348321405590247 0.5212708623445046 1.18109217407806 0.16515363320259555 0.0 0.0 0.2905954218964589 0.6062079101612822 0.10110228170838939 0.0 0.0
0.4301437431033124 0.380913613184772 0.5407405278728015 0.9928501410914565 0.7248809636094147 0.8663535821502344 0.16936149226768288 0.12797815347512606 0.603506104500699 0.8871434547364903 0.6942320413599501 0.7526814949892741 0.4380028977592803 0.585011744080872 0.790023042065069 0.04457448327088068 0.0 0.03364440007169367 0.3828759286544112 0.2606826523279375 0.25152161212679913 0.573628620464582 1.0980414839777919 0.789764379192971 0.2560353301419222 0.7274875696369206 0.11740569002350683 0.30873680328509173 0.5721287522496018 0.6602787007213651 0.9053905124653989 0.5083392539593141 0.4250572137577888 0.37942873884243145 0.7865885784855399 0.8262798275524939 0.508097118512812 0.41017959828317996 0.08684135431193331 0.28697934048098306 0.5125517601510988 0.08759544835441085 0.0 0.6300798434987342 0.9826178606301875 0.6184012585854507 0.16321568910004514 0.5531186216563743 0.6803670851535105 0.0 0.0 0.0 0.22557366935829762 0.2886415272379731 0.0 0.0 0.0
0.7315776846478548 1.0024060784547357 0.9772279723636266 0.7653478927358558 0.7907176141533815 0.7435212552344329 0.7151975729469845 0.28558166681898495 0.36082396302211883 0.5005153826041803 0.3655697324924882 1.0690918400527856 1.0858984174604343 0.9498404719633257 0.1425099946305554 0.5284293590445729 0.14420887156117404 0.7017934527737524 1.1179618500539272 0.6287433649949786 0.8921951745161004 0.6375435728278602 0.969791112145547 0.9412731264204487 0.7973305551607568 0.42936397578805235 0.9685767585738463 1.0440759357348643 0.931720630087258 0.9721077328384746 0.5837411206489951 0.3960880922190627 0.8657942156055322 0.7262290994780082 0.8987306686940552 0.9751094351153592 0.7696817520442419 0.6997969464180707 0.4813908972957814 0.47109456555144213 0.7558872402908328 0.37226343413828383 1.1201623208395959 0.8234685748872681 0.711824879390587 0.5119755609950115 0.6125206396404719 0.4999935562244164 0.0 0.0 0.0 0.0 0.0 0.0 0.0 0.0 0.0
0.7259743859810892 0.7705525667421315 0.754373690151166 1.0242858838725835 0.4325627957529983 0.30081276156243086 0.8331835784789546 1.035555883850587 0.6718653247638053 0.7501031849600963 0.48864533231212404 0.3953395049731426 0.7842019473787382 0.6133715225282502 0.5749144719257965 1.0144793915500128 0.48119224451875237 1.026034977838615 1.1091567524620465 1.1138727322122195 0.8152619977051683 0.3711543271368648 0.8918849097010243 0.8629859877244019 1.0488619599990396 0.8019144768346175 0.9798737750969706 0.6147502225184135 1.1306681079273695 1.1715036530298233 0.8825765541718988 0.318828160257993 0.9749129268170514 0.525553835933677 0.8520234754065843 0.8553077011360503 1.0885620061400507 0.5584517122686636 0.3283096203465251 0.9651287034656625 0.5639352867504079 0.296085204267143 0.7154617338256063 0.06154725246862799 0.0 0.0 0.0 0.0 0.0 0.0 0.0 0.0 0.0 0.0 0.0 0.0 0.0
0.5702608150383252 0.0503317297194263 0.4248702363292335 0.9229627960689872 0.16284687117179675 0.0 0.0 0.09259830259447606 0.5388299047752353 0.4587325811779614 0.10467544670859912 1.021462327489455 0.7634739196812429 0.9054033544660898 0.5982831369833963 0.3332120490929331 0.29321544259572135 0.8608883269902874 1.0946827436590567 0.7923716859794929 0.930657805286784 0.3992567417792425 0.011223659051622264 0.21283168071285524 0.9226758066862352 0.5773302830415079 0.8870800119474019 0.7316554699702309 1.0930903743723717 0.7969867118460057 0.9540323446042471 0.5265739515195925 0.4461952684149111 0.26037505638779934 1.1373124432095556 1.0114051735945084 1.100128438598464 1.0316877681129895 0.9884824297426281 0.9675049868722578 1.005300279030676 0.5696068123734563 0.4383219817203424 0.0 0.0 0.0 0.0 0.0 0.0 0.0 0.0 0.0 0.0 0.0 0.0 0.0 0.0
0.0 0.0 0.0 0.13105546540536533 0.362127470229887 0.14139347284172585 0.1517145363905612 0.23425770264351398 0.1851028796857006 0.5346207189542806 0.7232743030761508 0.6653301660039267 0.6999661229665728 0.9344253551003208 0.8875186193732778 0.2864106593605118 0.6071635209062117 0.7416977268183162 1.0473610715084718 0.9770354266574551 1.0268470122349425 1.098793596572079 1.027426753377087 0.8771705087251209 0.42344226445975863 0.6815729610289778 0.920778419453119 0.7121498056248612 0.5911740092027936 1.1422560516202014 1.0798122929684824 0.8868266592829507 0.8329302939572494 0.5928002879911657 0.9367800238175646 0.8940206013659446 0.7091231058930134 0.8292582080182622 0.845766148344953 0.9205524200447764 1.1266184065109632 1.1536859802585087 0.37321948915990427 0.0 0.0 0.0 0.0 0.0 0.0 0.0 0.0 0.0 0.0 0.0 0.0 0.0 0.0
0.0 0.0 0.0 0.0 0.05010479720176812 0.2711282555529198 0.38209352309263506 0.6955721585790078 0.6975452563266917 0.41585106303868213 0.8469696212409601 0.5231475305049224 0.7202290580795145 0.994247231881851 0.7799311570356137 0.8071392361228743 0.6953699526557275 0.3821320033382512 1.064835336670972 1.049602255550946 0.570148603575349 0.8349951076726947 0.7963448349290014 0.9752503551980493 0.6823537069023459 0.6641442290519192 0.6678934672384318 0.9155535497970501 0.9189656694188966 1.0704573225868719 0.6897616189392493 0.8435180969228117 1.1097201800694636 0.25389257084412076 0.8903260871720476 0.7427439924706607 0.7704850073819074 0.7142879670393095 0.940910966687184 0.590161843197315 0.7805929174586668 0.7123982777908668 0.0 0.0 0.0 0.0 0.0 0.0 0.0 0.0 0.0 0.0 0.0 0.0 0.0 0.0 0.0
0.39800770298312504 0.07779325468136336 0.0 0.0 0.0 0.0 0.0 0.0 0.01005379773023077 0.4007240211494747 0.9554569627316226 0.2736305093344621 0.7830614259754971 0.8671586729232621 0.871935972553822 0.6600032979906465 0.8916450113403703 0.8341003813244573 1.0182124992394257 1.055657954642719 0.9339666700697795 0.8006708478433174 0.7956328801646879 1.0058864222825479 1.087712964660603 0.9089547263956298 1.0230461698125775 0.34254110524710063 0.8439334483968384 0.7666093973640072 0.5581263195479529 0.6964458773333451 0.8802808322392491 0.31730029762251627 0.9125742687614442 0.8486853710211347 0.9446326841942823 1.1111371094386717 0.9179109869158969 0.8633211257167945 0.5633571321679414 0.48174847983767743 0.0 0.0 0.0 0.0 0.0 0.0 0.0 0.0 0.0 0.0 0.0 0.0 0.0 0.0 0.0
0.48094638953678026 0.0 0.0 0.0 0.0 0.0 0.0 0.0 0.0 0.19774728575937076 0.7637423868594241 0.019992813070905384 0.6910285637611875 0.5525699106994153 0.32376935058049794 0.995725150919845 0.8998594668575642 0.8425208968879296 0.7536161839386237 0.6546789265525363 0.8587087660649704 1.0422113821551804 0.14905843318044007 0.8953580615182489 0.9754705644996995 0.18360521316991082 0.9332913380757615 0.9172627359708014 1.0653382267920295 0.8269571145739054 0.32035754436547376 0.8301904835579933 0.6579583538154793 0.7285626565470699 1.1265807912640213 1.0756960546621226 0.5457724706788574 0.4924448766184552 0.437039411067346 0.06937203405088996 0.0 0.0 0.0 0.0 0.0 0.0 0.0 0.0 0.0 0.0 0.0 0.0 0.0 0.0 0.0 0.0 0.0
0.5709930286064467 0.0 0.0 0.0 0.0 0.0 0.0 0.5586605916876112 0.009623262289083414 0.029405732730188334 0.41071197247854574 0.28346935450025407 0.5906495777436036 0.8801368293203365 0.4286788598278168 1.0002645800787333 0.8742021415746527 0.7591745050166574 0.7539969137690954 0.9314331765571423 0.8958669682875343 1.015875316495793 0.781229256279411 1.0288195969511784 0.9723101093011047 0.8298977404085905 1.0162318442665839 1.0011861690620898 0.886857146674537 0.7725636606451589 0.9635836813289147 0.988125533887659 0.7476507505074403 0.510368707904975 1.0786449022059268 1.0056288851130224 0.45052712558344377 0.20356753637389757 0.0 0.0 0.0 0.0 0.0 0.0 0.0 0.0 0.0 0.0 0.0 0.0 0.0 0.0 0.0 0.0 0.0 0.0 0.0
0.5463913798474132 0.226571767109736 0.0 0.0 0.0 0.0 0.20822129891460534 0.5914919692074978 0.019054664333518073 0.0 0.13432621206931764 0.40425715104608956 0.6402428047908041 0.8864175876727218 0.8801096241799955 0.984030853099595 0.9405589814736542 0.985421476735626 0.8006788871642806 0.7065954281060302 0.9535723850412894 0.9903154825582835 0.8007846486245889 0.84900075158831 0.7373978080269287 0.5547670688563483 1.0120052146101568 1.0605772897585686 1.067117674905985 1.0198703826199835 0.6053018634112324 0.7717556777641655 0.6320280868479458 0.3801969750069965 0.6358908863351773 0.78086032016921 0.0 0.0 0.0 0.0 0.0 0.0 0.0 0.0 0.0 0.0 0.0 0.0 0.0 0.0 0.0 0.0 0.0 0.0 0.0 0.0 0.0
0.34489938360560496 0.41801323146505465 0.23164480972975401 0.1946531250153378 0.0 0.38111867945237804 0.550087157627426 0.3263201863897243 0.2334416989283873 0.06546543002060977 0.047613394868967 0.5895088290191703 0.5706164481209269 0.8611028546443766 0.943044874629813 0.7258411863750571 0.7187406833078597 0.09814761455243541 0.7688130301059534 0.9912280321629028 0.6870500528635504 0.7832566292683745 1.0008794708288835 0.9769435035010866 0.9834049219715162 0.8978751898014374 0.8306372554819424 0.5329837435272741 0.684420905406798 0.8789530456844906 0.5839634767375966 0.46051464585645285 0.0971317101630479 0.21546835901880274 1.014961417592295 0.6192213128269803 0.0 0.0 0.0 0.0 0.0 0.0 0.0 0.0 0.0 0.0 0.0 0.0 0.0 0.0 0.0 0.0 0.0 0.0 0.0 0.0 0.0
0.1289024478760205 0.34958515233810894 0.6437781558251594 0.4777206889391051 0.3940357721722992 0.7815503923235861 0.910336399522845 0.865297815817144 0.9228653715654452 0.7115986955449336 0.2776366746137065 0.1582914797079288 0.30097178412624703 0.46065410481366337 0.6802149149963691 0.6845259720913804 0.6316429236293917 0.23991942328108343 0.6579459838840204 0.8387655980627604 0.7763862051740519 0.9876526124935663 0.734572622402102 0.9912442722780384 0.37353772014888864 0.17278734648549815 0.12245366110359576 0.28959016071457044 0.5491387391122527 0.042037390843046724 1.0071140106033478 0.31619138661951535 0.021136968649544285 0.12732906538273236 0.8442887639065587 0.05373847097061102 0.0 0.0 0.0 0.0 0.0 0.0 0.0 0.0 0.0 0.0 0.0 0.0 0.0 0.0 0.0 0.0 0.0 0.0 0.0 0.0 0.0
0.0 0.4443515144846113 0.2540264598615395 0.2612097627237259 0.2170179397262793 0.32480636332396173 0.7232335237316987 0.8149052006699468 0.6271291765428636 0.6072306184700568 0.6468532614955078 0.6018288182632144 0.4494198812214607 0.8955796629141807 0.8997696249758458 0.6432181638498009 0.7705569552693438 0.5770943184784283 0.1913598236145094 0.0 0.05838785560754517 0.5157587153472571 0.5000738648985268 0.12880686300234848 0.0 0.0 0.0 0.0 0.0 0.0 0.3111608386300354 0.031437417817265216 0.40938389890005844 0.601156956483159 0.3075871928515478 0.0 0.0 0.0 0.0 0.0 0.0 0.0 0.0 0.0 0.0 0.0 0.0 0.0 0.0 0.0 0.0 0.0 0.0 0.0 0.0 0.0 0.0
0.0 0.26933860552954764 0.026843443179213777 0.597583725610229 0.27574160263762637 0.5321310118447352 0.7730896291607355 0.5854967778468617 0.5325146034310222 0.5976567487343541 0.5906658793485176 0.6367149860099683 0.3957520027723412 0.5789958869337599 0.7470293061804126 0.6499141425581596 0.37924209684198257 0.4642836621220738 0.0 0.0 0.0 0.0 0.0 0.0 0.0 0.0 0.0 0.0 0.0 0.0 0.0 0.0 0.0 0.0 0.0 0.0 0.0 0.0 0.0 0.0 0.0 0.0 0.0 0.0 0.0 0.0 0.0 0.0 0.0 0.0 0.0 0.0 0.0 0.0 0.0 0.0 0.0
0.6425829176829483 0.3257979635308938 0.3950341570321485 0.46348118710466546 0.2615246154030447 0.27995800630390266 0.40875185476443937 0.7231997784873299 0.4891826459462361 0.27080515520233756 0.5513295309328577 0.676136137113842 0.5396567984780728 0.35583137301096984 0.4922025508793779 0.43089259515257805 0.22620752062011232 0.41948578264072034 0.0 0.0 0.0 0.0 0.0 0.0 0.0 0.0 0.0 0.0 0.0 0.0 0.0 0.0 0.0 0.0 0.0 0.0 0.0 0.0 0.0 0.0 0.0 0.0 0.0 0.0 0.0 0.0 0.0 0.0 0.0 0.0 0.0 0.0 0.0 0.0 0.0 0.0 0.0
0.7195360983244901 0.19105258895541102 0.5537751964540548 0.7127241242425651 0.6246208927701504 0.11994785081386578 0.22144286697928045 0.6641881998473088 0.5726593135718454 0.6583054478293967 0.7201822762214111 0.8255389818595948 0.7428725974914182 0.7983266871359734 0.017582648017754905 0.0 0.0 0.0 0.0 0.0 0.0 0.0 0.0 0.0 0.0 0.0 0.0 0.0 0.0 0.0 0.0 0.0 0.0 0.0 0.0 0.0 0.0 0.0 0.0 0.0 0.0 0.0 0.0 0.0 0.0 0.0 0.0 0.0 0.0 0.0 0.0 0.0 0.0 0.0 0.0 0.0 0.0
0.8455612787737347 0.2537244002215717 0.31232659556545805 0.8436757864182672 0.8397287117013027 0.18367172862070116 0.04179028302154936 0.7594738249358065 0.3682934936604106 0.5943740645791842 0.5960077281642212 0.7827214653789982 0.5561554317916461 0.646937460871063 0.0 0.0 0.0 0.0 0.0 0.0 0.0 0.0 0.0 0.0 0.0 0.0 0.0 0.0 0.0 0.0 0.0 0.0 0.0 0.0 0.0 0.0 0.0 0.0 0.0 0.0 0.0 0.0 0.0 0.0 0.0 0.0 0.0 0.0 0.0 0.0 0.0 0.0 0.0 0.0 0.0 0.0 0.0
