agricultural_afforestation/data/SOCS_1km.txt
nrows     203.0
ncols     198.0
xllcorner     857533.25
yllcorner     4281682.625
cellsize     1000.0
NODATA_value     -9999.0
[rows 104 to 129 of 203, columns 114 to 170 of 198]
2.0886691509018154 2.7742829364133463 0.9830784482074348 0.0 3.5205889206612007 4.086493378476702 2.973397285349147 0.0 0.0 2.206226634038405 2.3387933655685877 0.6064680566612457 3.3025946935153128 3.3068242501803486 3.4424789723538147 2.0075629840973765 2.929135354817469 3.7656927473822663 4.253480210217017 3.205277456249338 1.9797491470159858 4.27297078806282 4.102694815988818 3.1368376421444273 0.6185915069586865 0.9744605280712824 3.460129474465392 3.9092149012372404 3.5131670810920954 2.4053963531421934 3.701613488181782 3.4377568184962426 2.3696521721931147 3.447452323024498 3.450341925228045 3.409848376926798 3.5938425457767313 3.77836995234589 1.2159226063968198 1.8936457473627435 0.0 0.0 0.0 1.3978131063680839 1.9381551711698646 3.245984223153692 2.027424372327421 3.061766936125682 4.051453734161499 2.3400155193253975 3.0593338489333926 3.9112241845363114 0.6741393674647878 0.0 0.9422786030943845 0.8969859978228811 0.0
1.5740875249338286 3.237994860076591 0.12809742858773282 0.2567532157579058 3.640712522505726 3.08988825072714 0.5581770140638389 0.08605730036864773 0.0 1.208957341647908 2.80761460504614 2.596160906565368 4.115396931885605 0.8683943737745434 3.911510741142969 3.4393731621782258 4.010434233892093 4.365768150622612 3.410156258662494 4.378938976999747 4.078007583481972 3.381529565261855 2.77147839553842 1.9821426623901488 2.2037700774790805 3.7549966948720237 4.423246351192414 4.429309358506874 4.435298375560759 2.0867950280411534 3.646820122632805 2.5821513234238322 3.878927153340094 1.0712569103917935 1.96634294091344 3.1332161954763778 1.7033096910749945 2.3325313724000245 2.8278309029399895 0.0 0.0 0.0 0.22486521750454197 4.139499178729229 3.8695317703661614 3.463199171039463 2.247184283793054 3.415850167832756 3.908770312640261 1.4820483840227245 0.0 1.0318944142949298 2.332165265732908 0.4033851539126108 1.7909305248773195 1.3880785546737315 0.4476271452735671
0.9335407929726774 3.1043827064174887 0.0 1.1936657040792318 2.564518362086882 2.44095538672182 1.1143809354981475 1.6754923893364284 1.0314564155878831 3.1879308762080503 2.2438326271812308 2.5036420449891077 4.320040254160556 1.123768219605529 3.553502127043827 2.213322870052065 3.737870576615902 2.4820382114501935 2.3119581512452703 3.187599070913169 4.372212774668408 3.80958694362348 2.103964557808142 2.37148913611367 1.8470713971883135 3.171289686128345 3.9693368285385673 4.372177260944472 4.422308513970184 2.611465516508709 2.7936150655220677 3.774585244273546 3.7345123711170136 3.472027542291988 2.4959264666646965 2.5891968211209875 3.350192793350892 1.7448136438026598 1.2094757726151468 0.0 0.0 0.0 0.85224971567416 3.2757265953497283 2.8272692508028108 2.9159650023401484 3.094897011016185 1.5245977422463821 3.6298041785076065 1.2102143927450122 0.0 0.0 1.789983891360594 1.6100661582450677 0.939017493084493 0.5812809955595708 1.2061374456777525
2.3716523742557465 0.5092916441897175 0.7224931648102731 3.6601342757584416 1.5781323082520338 1.4954466461000357 0.8981134290860726 0.7287951546730789 2.959941332976183 2.535237691885851 1.936523662788545 2.756954678454152 3.0200779695243414 3.5829160580050483 2.3340198334475857 1.6447732759017542 0.7808645454563923 1.2578898560009484 0.26114871511262705 2.1335959445814803 2.1806505335116024 2.751229484557423 3.585256173046731 1.4448459352326832 3.6390706809454496 2.50426452618545 1.627584347045032 1.0138039851201586 3.924504526563602 3.9292230185810983 3.8899759892919628 2.12482467218979 1.463586505371522 2.5738858505319184 1.021819411570791 1.8232960913840766 3.919069113347805 1.1141923647938183 0.08933307492731374 0.0 0.0 0.0 1.566560228233439 2.2368434449806287 2.8642753398298044 3.623591331628098 1.879558451011299 1.8339798796907723 4.1587004329366675 0.5813784435806805 0.0 0.0 1.0269931633346092 2.1430379792495957 0.3572406265564417 0.0 0.0
1.7748700535555868 1.5655534581070136 2.205639769385141 4.034492986162077 2.9340741879238657 3.49177161684277 0.6816381819637874 0.5121856707472046 2.396474518437065 3.512561489429026 2.743338800144368 2.9618747193037245 1.7186946219995416 2.2819282786992177 3.0632508525915325 0.1726436556949068 0.0 0.1296962793897133 1.4714638942586336 0.9970803937660879 0.955902060458943 2.1744932757649087 4.139684329048412 2.966940310401415 0.9604157784740659 2.7125597422093257 0.43757862108357215 1.1411864240412617 2.108958821337915 2.4212298215517247 3.306687495415889 1.8530655644115883 1.5456624724680175 1.3719648251286338 2.835695337269958 2.971438465654932 1.8208061358590801 1.4667502707813955 0.310962406053979 1.0233770819191332 1.8252607774973666 0.3117165000964566 0.0 2.2309444987990608 3.479966722898697 2.1872486207797706 0.57944049947813 1.9618795183206617 2.4093009128778635 0.0 0.0 0.0 0.8018849452664152 1.0250392686761234 0.0 0.0 0.0
3.036822788280326 4.140100802843375 4.018870817434247 3.1346275825803396 3.224031890209878 3.016749065760897 2.892373504155428 1.1500485806811611 1.449411928626341 2.005328158586487 1.4541576980967104 4.238803857547432 4.2876277280610875 3.735344972185894 0.5587348050086405 2.065259428132886 0.5604336819392589 2.7188829184521635 4.319691160654581 2.4217117789313445 3.4215613298906167 2.4305119867642264 3.691261026156102 3.566691161112985 3.006523779475207 1.614003820710294 3.6260120863723886 3.8936150221694468 3.4610867854617737 3.59752576753101 2.1525884828433153 1.4526587647172784 3.171039319238002 2.6472666858384 3.2680103585385387 3.5364928835958818 2.786771217722653 2.5247826534604427 1.7300653284300362 1.6877517035796905 2.7089421197572303 1.3327822273184797 4.0017187003801835 2.9366099198836992 2.53681058643296 1.8246845783412797 2.181368001834792 1.7806852804646778 0.0 0.0 0.0 0.0 0.0 0.0 0.0 0.0 0.0
3.0312194896135587 3.2038668427986283 3.1236533799956496 4.226015194473236 1.7772891062052727 1.2293142616366204 3.3945670269594777 4.205267901345233 2.7209720835482236 3.02333099548656 1.9614408151884246 1.5799793498953845 3.121464344117215 2.438357229570622 2.2718310065441427 3.9920876504086205 1.88995314118304 4.003643236697222 4.3108860630627 4.315602042812873 3.1525243944436454 1.4277249996350805 3.4212510650755403 3.296300263780899 3.994452925751641 3.043124994255075 3.7013436891075258 2.3116667571367597 4.236345539210004 4.373232963630476 3.2838735371223895 1.1832950741201693 3.600330961509587 1.9343147325979642 3.125251285933048 3.128535511662514 3.970118385680639 2.031247195144964 1.1927765342087016 3.494494858840179 2.0367307696267085 1.0645002388112998 2.5724647339739857 0.22163371799866066 0.0 0.0 0.0 0.0 0.0 0.0 0.0 0.0 0.0 0.0 0.0 0.0 0.0
2.395246522080698 0.21041819524945898 1.769596546781508 3.836536468715582 0.6751235608679013 0.0 0.0 0.38075394054853484 2.203729146287575 1.8674934778422492 0.4248483777686644 4.127139758772089 3.0687190233137134 3.6268732684766456 2.391251550919762 1.3257481353791356 1.1576823564578977 3.3902544823648033 4.2964120542597115 3.0976167896119633 3.620110426191333 1.551879293595478 0.0432409521576288 0.8211602497269793 3.548093841378771 2.210212231447841 3.384428874215912 2.780762228754649 4.1347332194429915 3.006179936160456 3.579450379296783 1.9673521412898864 1.6628524064431596 0.9647555047199431 4.210972581386183 3.7328750876050636 4.045719404351066 3.785174975229551 3.613900464435164 3.5288884353527803 3.6627356068292185 2.0744195883557635 1.5909445335365777 0.0 0.0 0.0 0.0 0.0 0.0 0.0 0.0 0.0 0.0 0.0 0.0 0.0 0.0
0.0 0.0 0.0 0.5472802757834503 1.5147500220461225 0.5896355763258173 0.6319739329806592 0.9706554440816644 0.7614141555938182 2.1995199604666205 2.9644848204966077 2.7144369247883446 2.8451247610690102 3.7839644415349016 3.5769712402778264 1.1508775732226881 2.4321492279485843 2.9508909511327674 4.153038502791105 3.8585918061980435 4.036472564199557 4.3005229071727324 4.005035012235695 3.406536664099637 1.6400994024880071 2.634627840495376 3.546196454145655 2.729239271303273 2.2560732507151333 4.343985362220854 4.089437844933096 3.352158228445454 3.1381753975897198 2.2256822363974993 3.498163472298087 3.3273348774224414 2.6301606922534053 3.0704687254387197 3.118993958871417 3.3858839892072794 4.136243958475577 4.227346118435136 1.3657555754461068 0.0 0.0 0.0 0.0 0.0 0.0 0.0 0.0 0.0 0.0 0.0 0.0 0.0 0.0
0.0 0.0 0.0 0.0 0.21019126273180078 1.135595169415096 1.5987506611208833 2.9047653828934585 2.9067384806411423 1.7285600803849501 3.5044049490395017 2.1560294789112557 2.961439575499972 4.067907370058478 3.1812281399861035 3.2724708052853773 2.8085112976521587 1.5347545551544863 4.266564647271625 4.187296979939585 2.2670651381936957 3.3003266768351978 3.133607231667478 3.824789441632631 2.6674258794747514 2.5851818154123114 2.5889310535988237 3.540971584489586 3.5443837041114326 4.112100167657492 2.6428164984056477 3.2127977867672954 4.215397611352099 0.9582730191762645 3.3556576563345506 2.7918507512550788 2.8836263523783385 2.6673428465057083 3.5022944151677073 2.191026498497642 2.8937342624550983 2.6334358641512585 0.0 0.0 0.0 0.0 0.0 0.0 0.0 0.0 0.0 0.0 0.0 0.0 0.0 0.0 0.0
1.710716720329393 0.33393159952941565 0.0 0.0 0.0 0.0 0.0 0.0 0.0420710908362373 1.6814157453897363 3.9970998078022433 1.1380974231966385 3.248392995138 3.588628586933817 3.5934058865643768 2.709110056775064 3.6451322184569324 3.39548382980498 4.1238899305220595 4.2573872652433735 3.7514884633983545 3.2019678307938078 3.1649125700091716 3.9834946811411553 4.289442275261257 3.566390054194172 4.000654428671186 1.335077191533303 3.2772477244533347 2.9758026216784583 2.15899097484828 2.68151804990575 3.3776296945077586 1.213784504590699 3.4739577172419667 3.2179650608656187 3.5700507188868187 4.184797247615299 3.447277142290413 3.232600815561278 2.1001872012562552 1.7944574971839453 0.0 0.0 0.0 0.0 0.0 0.0 0.0 0.0 0.0 0.0 0.0 0.0 0.0 0.0 0.0
2.081811044837107 0.0 0.0 0.0 0.0 0.0 0.0 0.0 0.0 0.8380931478795013 3.229073956021927 0.08402739928291846 2.9002217880756387 2.313521031529775 1.348322729972707 4.133419875308485 3.7173812601861393 3.4679389315804654 3.0908785806771006 2.671768392230948 3.4841268007575072 4.211923399649827 0.5973005366645315 3.5848106824227974 3.889044237146294 0.7278991959720219 3.6867785451923236 3.60671535687535 4.171015658074663 3.2282540975243954 1.2488590444396632 3.231487466508483 2.5469786470698645 2.8096867084374946 4.328310101864675 4.117338899732743 2.082602539767171 1.8691884801767358 1.6536965490955942 0.26147579268692916 0.0 0.0 0.0 0.0 0.0 0.0 0.0 0.0 0.0 0.0 0.0 0.0 0.0 0.0 0.0 0.0 0.0
2.492030614966839 0.0 0.0 0.0 0.0 0.0 0.0 2.4156635918359903 0.04164055539508995 0.12545761204820793 1.7554382829308202 1.2119708545744434 2.5116871641039955 3.7296759157549184 1.8054224633860976 4.201993890679387 3.6597066417972215 3.1604714879671474 3.123276603613579 3.8450068492037364 3.681371468510102 4.153570040884433 3.1825262392299014 4.166514321339819 3.917901075053706 3.327246602677101 4.057874689337204 3.9787944279206973 3.5122751813670727 3.045791471171623 3.7811054746574895 3.8696819134282467 2.9248266817158846 1.9831641907812756 4.184322333488561 3.88718526465361 1.731218849823705 0.7798788122820152 0.0 0.0 0.0 0.0 0.0 0.0 0.0 0.0 0.0 0.0 0.0 0.0 0.0 0.0 0.0 0.0 0.0 0.0 0.0
2.403394379995792 0.9949868016538929 0.0 0.0 0.0 0.0 0.9126017472467491 2.576564141779903 0.08308925054553115 0.0 0.5825683155534092 1.748983461498364 2.7533841497872356 3.799991260319316 3.7616660037205834 4.185760163700249 3.982201826544275 4.155133494230273 3.362062335644804 2.947805945526487 3.963197937005903 4.095992913840917 3.298133510893099 3.4744187862808453 3.010625618553393 2.251683603474694 4.085665352786784 4.262306600359222 4.268846985506638 4.061513227690604 2.398270277347599 3.0449834882906295 2.4890310869963255 1.5008022337172253 2.492893886483556 3.054088130695674 0.0 0.0 0.0 0.0 0.0 0.0 0.0 0.0 0.0 0.0 0.0 0.0 0.0 0.0 0.0 0.0 0.0 0.0 0.0 0.0 0.0
1.5295392285278466 1.8587914212353487 1.0320771373799176 0.867016280241475 0.0 1.6938276967986456 2.4391074508818122 1.446925445099953 1.0338740265785507 0.2895864817626555 0.20769986039899968 2.574581001591575 2.4916540344813183 3.7426592341849645 4.080739599018453 3.1271381693255473 3.088020373152343 0.41832054561250076 3.2661618923744626 4.192957342763556 2.8962432771780016 3.2806054915368845 4.170591488323529 4.050603641677714 4.057065060148143 3.683379690024006 3.392020703962465 2.165865691933607 2.765544957297223 3.536388373483033 2.3449145975679553 1.8372582494147338 0.38528734811710674 0.8558142211389335 4.02458696955691 2.444207019869353 0.0 0.0 0.0 0.0 0.0 0.0 0.0 0.0 0.0 0.0 0.0 0.0 0.0 0.0 0.0 0.0 0.0 0.0 0.0 0.0 0.0
0.577144551360112 1.566242290366357 2.8849886732456165 2.1426199304514446 1.7707793757305803 3.503020306334142 4.080048417017491 3.8749233677817587 4.1245946821661 3.176930264707437 1.2381554677939024 0.7025854625100398 1.3255251635184562 2.0295014670079836 2.9854600186288396 2.989771075723851 2.7447842686258226 1.0403517509312468 2.8351219150924645 3.5922528051793226 3.3057523605485675 4.18938192309422 3.1038523122465858 4.160956289772685 1.5581775650711305 0.7170813292876093 0.5066611783756741 1.1860743676827534 2.246055273730599 0.17010656326707285 4.080774148779975 1.2767101797997114 0.08517155486155735 0.5115365826548108 3.3736549192810745 0.21382493650064371 0.0 0.0 0.0 0.0 0.0 0.0 0.0 0.0 0.0 0.0 0.0 0.0 0.0 0.0 0.0 0.0 0.0 0.0 0.0 0.0 0.0
0.0 2.0131988766789313 1.1505106668297225 1.1897112627979154 0.9854329742704361 1.477428915140197 3.284616972212221 3.6964615802105354 2.836322400857314 2.7523892565724943 2.9200810720219716 2.714970163259646 2.018267243415781 4.001257094196815 4.00544705625848 2.852411388164252 3.39597498996188 2.530149197944827 0.8317056857346401 0.0 0.25049161424358435 2.2126752499656033 2.13295581330486 0.5450316733804335 0.0 0.0 0.0 0.0 0.0 0.0 1.2716796318102312 0.1274892971352848 1.6580583300343132 2.4261426635255314 1.2360886929257373 0.0 0.0 0.0 0.0 0.0 0.0 0.0 0.0 0.0 0.0 0.0 0.0 0.0 0.0 0.0 0.0 0.0 0.0 0.0 0.0 0.0 0.0
0.0 1.2298573987097436 0.12289532249723338 2.742742363712667 1.268277688923829 2.4531685982051274 3.558594129383304 2.698638122843293 2.4535521897914143 2.7428153868367917 2.703807224344949 2.9099427965364324 1.8045128994366288 2.6281026457181773 3.3724473408729487 2.9231419530846234 1.6919511141882504 2.0651483174224 0.0 0.0 0.0 0.0 0.0 0.0 0.0 0.0 0.0 0.0 0.0 0.0 0.0 0.0 0.0 0.0 0.0 0.0 0.0 0.0 0.0 0.0 0.0 0.0 0.0 0.0 0.0 0.0 0.0 0.0 0.0 0.0 0.0 0.0 0.0 0.0 0.0 0.0 0.0
2.9798453144214254 1.5104378084531356 1.8358123468024425 2.1603977217230113 1.2220434085832408 1.3045113856961117 1.9135646307467464 3.3806351062858724 2.2821510598826023 1.26334124148854 2.5684189966112694 3.141467706276345 2.492711677944471 1.6365230972512312 2.253153671709737 1.9677226642408918 1.0266398482702757 1.892281265517021 0.0 0.0 0.0 0.0 0.0 0.0 0.0 0.0 0.0 0.0 0.0 0.0 0.0 0.0 0.0 0.0 0.0 0.0 0.0 0.0 0.0 0.0 0.0 0.0 0.0 0.0 0.0 0.0 0.0 0.0 0.0 0.0 0.0 0.0 0.0 0.0 0.0 0.0 0.0
3.3769714261230326 0.8954330372875547 2.6028819552384728 3.370159452041108 2.961883289508628 0.5681899542979573 1.0538924877354503 3.1615370621158183 2.717817951674283 3.1236370169918994 3.4096348971259602 3.899199120036222 3.4963598046079802 3.743917652888575 0.08161723422976797 0.0 0.0 0.0 0.0 0.0 0.0 0.0 0.0 0.0 0.0 0.0 0.0 0.0 0.0 0.0 0.0 0.0 0.0 0.0 0.0 0.0 0.0 0.0 0.0 0.0 0.0 0.0 0.0 0.0 0.0 0.0 0.0 0.0 0.0 0.0 0.0 0.0 0.0 0.0 0.0 0.0 0.0
4.015273296268381 1.2142431934017677 1.4969664404876997 4.045405097018921 4.041458022301955 0.8880521769528449 0.20187674855158202 3.673047497582401 1.777054390324698 2.8676018751056485 2.869235538690685 3.7603297242376055 2.6692967767880775 3.0802517369275595 0.0 0.0 0.0 0.0 0.0 0.0 0.0 0.0 0.0 0.0 0.0 0.0 0.0 0.0 0.0 0.0 0.0 0.0 0.0 0.0 0.0 0.0 0.0 0.0 0.0 0.0 0.0 0.0 0.0 0.0 0.0 0.0 0.0 0.0 0.0 0.0 0.0 0.0 0.0 0.0 0.0 0.0 0.0
4.042548446348017 2.0197338238767295 2.743517966071383 3.5051865865205647 4.02330873040544 3.094451543316225 1.3237086478947977 2.008609283003866 3.6951365409160246 1.2863499068286162 0.5217538624896401 3.539342476573566 4.026808515911163 1.7718187499403448 0.0 0.0 0.0 0.0 0.0 0.0 0.0 0.0 0.0 0.0 0.0 0.0 0.0 0.0 0.0 0.0 0.0 0.0 0.0 0.0 0.0 0.0 0.0 0.0 0.0 0.0 0.0 0.0 0.0 0.0 0.0 0.0 0.0 0.0 0.0 0.0 0.0 0.0 0.0 0.0 0.0 0.0 0.0
4.031867611388082 3.661910926253609 2.007407839614482 0.8813393895091227 2.844345593722771 1.6016262655513558 2.120667267420833 3.355874590316764 2.117839017060301 1.757160150738768 3.1183375166843335 2.1608342540714336 0.7216792093257085 2.0463866068463927 0.9632219488901028 0.0 0.0 0.0 0.0 0.0 0.0 0.0 0.0 0.0 0.0 0.0 0.0 0.0 0.0 0.0 0.0 0.0 0.0 0.0 0.0 0.0 0.0 0.0 0.0 0.0 0.0 0.0 0.0 0.0 0.0 0.0 0.0 0.0 0.0 0.0 0.0 0.0 0.0 0.0 0.0 0.0 0.0
3.1761368170557835 3.5276758778516433 3.7176348818069465 2.3545724653342592 2.508220791157795 1.3129563107396507 1.4688421936407428 3.059594652195435 2.265735161048441 2.267259983374992 3.2620765078968565 3.464700853853527 2.5107622692467095 1.956535549338453 0.5198080818587546 0.0 0.0 0.0 0.0 0.0 0.0 0.0 0.0 0.0 0.0 0.0 0.0 0.0 0.0 0.0 0.0 0.0 0.0 0.0 0.0 0.0 0.0 0.0 0.0 0.0 0.0 0.0 0.0 0.0 0.0 0.0 0.0 0.0 0.0 0.0 0.0 0.0 0.0 0.0 0.0 0.0 0.0
0.0 0.11929375034646938 1.552663694330942 3.531682392185661 1.9407564083006952 3.8364500028877124 1.6221115600495744 0.35645560322497644 0.39586604401424164 1.3028938642989076 3.3610528709073915 3.7217592764954985 3.646994914402845 1.5482632198423967 0.0 0.0 0.0 0.0 0.0 0.0 0.0 0.0 0.0 0.0 0.0 0.0 0.0 0.0 0.0 0.0 0.0 0.0 0.0 0.0 0.0 0.0 0.0 0.0 0.0 0.0 0.0 0.0 0.0 0.0 0.0 0.0 0.0 0.0 0.0 0.0 0.0 0.0 0.0 0.0 0.0 0.0 0.0
0.0 1.7456832432646978 1.26569164108729 2.407505190593162 0.7870021408085043 2.162522338237848 2.669396060322839 0.5106407103283903 0.7060509118632873 2.790618862177543 3.7369960665962965 3.426212533305321 2.249494173061679 1.1075166863244033 0.0 0.0 0.0 0.0 0.0 0.0 0.0 0.0 0.0 0.0 0.0 0.0 0.0 0.0 0.0 0.0 0.0 0.0 0.0 0.0 0.0 0.0 0.0 0.0 0.0 0.0 0.0 0.0 0.0 0.0 0.0 0.0 0.0 0.0 0.0 0.0 0.0 0.0 0.0 0.0 0.0 0.0 0.0
