agricultural_afforestation/data/SOCS_1km.txt
nrows     203.0
ncols     198.0
xllcorner     857533.25
yllcorner     4281682.625
cellsize     1000.0
NODATA_value     -9999.0
[rows 78 to 103 of 203, columns 114 to 170 of 198]
1.5561992865224452 1.6483111293525297 3.038053430629183 4.1640006615695 4.130380604434494 2.2496901268355827 4.151448730829573 2.713151210818294 2.3577950530165404 2.9553730359070234 3.9648258704320787 2.6955747827690244 1.4201136954767137 2.4786827283674553 3.678858365245897 1.1978796902394724 1.9855140935896358 1.2944963844982929 2.407976091786231 0.9266433083984742 0.0 1.439725782314573 1.6723538589762659 0.0 0.0 0.418731895859229 0.0 2.3285421718608075 1.584018577446773 0.0 0.09326189982915378 1.1658827834522265 0.0 0.0 0.0 0.46652407494901665 0.4199501992455542 0.046663915237746705 0.0 0.0 0.0 0.0 0.0 0.41854010196527136 1.3482567072218203 0.9290756090348413 0.41783317023722877 0.0 0.0 0.0 0.0 0.0 0.0 0.0 0.0 0.0 0.0
0.5325229859927054 0.0 0.6248601944449436 3.0404393026259457 1.9266467972260557 4.13593555572417 4.506809697706439 4.382922744862406 4.530151808854891 4.496268360700676 0.45516819713476303 0.2280402559160131 0.09154106470723067 2.1559747801561606 1.7003687091727258 1.3362459757074223 0.4150859228310604 0.0 3.054682211275081 2.1773790716110204 1.2982052085294606 0.0 0.0 0.0 0.0 0.0929746176996698 1.4421113377744548 2.8385746582613662 1.9548302139660583 0.046577070137063845 0.0 0.0 0.0 0.0 0.0 0.0 0.0 0.0 0.0 0.0 0.0 0.0 0.8371973074885013 0.0 0.1858541687352307 0.7429551438071629 0.0 0.0 0.0 0.0 0.0 0.0 0.0 0.0 0.0 0.0 0.0
0.0 0.9328531400631491 3.296222587166649 4.331304869467468 3.582675632918571 3.5911159332577425 1.260526734189423 3.9720567294072398 3.0769852207129382 3.8115464843316973 3.3656348544864914 3.8297812837159118 3.1543061239242345 0.5952973586817998 1.883830188322375 0.0 0.8762633578686103 1.0624009069236133 0.13879080704511043 3.3338567767229237 1.3896900408545063 0.2781587851760604 1.5304060723999537 0.27834119061368046 0.0 0.4182980030967156 2.0448947029605 0.4649986121165879 0.3259323999822943 1.3036768620152206 1.117804755490493 0.2328977911611842 0.0 0.0 0.0 0.0 0.0 0.0 0.0 0.0 0.0 0.0 0.0 0.0 0.0 0.0 0.0 0.0 0.0 0.0 0.0 0.0 0.0 0.0 0.0 0.0 0.0
0.0 0.08886046796917585 4.0024676783358455 2.4515150154499836 1.7895609218460828 3.361133127926619 3.7304069196923497 4.5068295039655535 1.670868926497208 2.6281809450096874 4.542826301793655 4.554687562801565 1.8258514191639683 1.1443109086993684 0.0 0.0 0.4152115326067999 0.7391216494834685 0.0 0.0 0.23151971267262345 0.27808018256608713 1.3445114791917 0.4173529109201011 0.0 0.0 0.0 0.0 0.0 0.41873664366252467 0.8837640515630227 0.0 0.0 0.0 0.0 0.0 0.0 0.0 0.0 0.0 1.022446906656403 0.1394585357326696 0.0 0.0 0.04636062854666043 0.8344442252993335 0.0 0.41638056472657986 0.1849921273047519 0.0 0.0 0.0 0.0 0.0 0.0 0.0 0.0
0.0 0.3103243114696145 4.128951126905291 2.7592094196775836 3.1246211765591183 3.535827214123596 3.2765914578882738 2.386434179156936 4.5125010795546565 4.434063156706188 3.8569103760946493 2.318846537375303 2.0510575272818037 0.0 0.0 0.0 0.0 0.0 0.0 0.0 0.0 0.0 0.0 0.0 0.0 0.881343689173774 1.2063797344186493 1.8102474969271 0.5106965124277196 0.0 0.0 0.0 0.0 0.0 0.0 0.0 0.0 0.0 0.0 0.0 1.6256089546132226 0.04640130134338226 1.206192009540367 1.3449810216390123 1.4371656611975583 0.9264430702660118 0.0 0.0 0.41612358453748666 0.0 0.0 0.0 0.0 0.0 0.0 0.0 0.0
0.0 0.0 1.3298316303363849 3.289089273568063 3.6090517733553926 2.7706445031258595 2.061033686790496 3.909004847273121 2.7933887677030675 2.3488941410140827 4.167968822958751 4.542041042061906 1.9111895787721684 0.0 0.0 0.0 0.0 0.0 0.0 0.0 0.0 0.0 0.0 0.0 0.0 1.4831275736491456 4.033458111424902 2.087244900212092 0.13924192294093057 0.0 0.0 0.0 0.2786868851764857 0.8359088921794666 0.0 0.0 0.0 0.0 0.0 1.1137498062982776 2.83067382947337 3.1541471957915417 0.7421873664543834 0.0 0.0 0.972102269165759 1.0175007431084278 0.13864760992248218 0.0 0.0 0.0 0.0 0.0 0.0 0.0 0.0 0.0
0.0 0.22077447414675058 3.9822030275963667 3.3710696639773525 2.4911463281642026 3.970943438431968 4.20532642150774 3.138942760332087 1.6208718736523247 4.510482461207717 4.386796903019576 3.4018123354463583 0.4542067832751276 0.0 0.0 0.0 0.0 0.9653355605652023 2.485108132944634 0.506820418321494 0.8301671395839476 0.3228851513947558 0.0 0.0 0.0 0.046256304630124465 0.8335854092224029 0.6018306480811251 0.0 0.0 0.0 0.0 0.0 0.13923660963792478 0.0 0.23188767147131553 0.0 0.0 0.23181265723316657 2.179433695824243 0.23192797102635831 1.3442203230998468 0.2779775021158287 0.0 0.0 0.0 0.5546456907409582 0.0 0.0 0.0 0.0 0.0 0.0 0.0 0.0 0.0 0.0
0.0 0.0 0.9284851364008644 2.082826955281425 3.7752830754606794 4.45370003114168 2.4555247569994565 1.7912242376038074 0.17991466860879773 1.9368977153362783 3.114858881710358 1.6292423487867747 0.0 0.0 0.0 0.0 0.6409406660384191 3.0750291485311783 2.7125131826423248 3.4051255570301646 2.579727610188541 1.382873274533003 0.0 0.0 0.0 0.04618762160245528 2.542617426672911 1.9423495941133995 0.0 0.0 0.0 0.0 0.0 0.0 0.41699321086579244 0.6489049752173919 0.0 0.0 1.8996205893267002 4.447389926886673 2.500964548482048 0.0 0.0 0.0 0.0 0.0 0.0 0.0 0.0 0.0 0.0 0.0 0.0 0.0 0.0 0.0 0.0
0.0 0.0 0.0 0.0 2.925949948274481 4.445846134243421 2.584415649413403 3.7093772457308996 2.3747511191618083 2.6070713002078545 2.7481617549533435 0.4063161506178985 0.0 0.0 0.0 1.8705806315485949 2.88018429764432 2.4265940618632853 2.568365100800991 3.6729303266743574 0.09184400667807019 0.0 0.0 0.0 0.09214791457238505 1.5685236826260232 3.554821083930278 2.3090944525608066 0.18477271523132732 0.0 0.0 0.0 0.5090643515156744 0.5551110373138948 0.6481614778370515 0.2313256614642901 0.0 0.833035689452644 3.9806278647656868 4.442724907556268 3.2385681612812593 0.2774387712184388 0.0 0.0 0.0 0.0 0.0 0.0 0.0 0.0 0.0 0.0 0.0 0.0 0.0 0.0 0.0
0.0 0.0 0.0 0.26502166336460886 3.45286910890544 4.437850629309266 3.9153706941995474 4.060845552673329 4.473991870204316 4.172089710019629 2.1575500423005725 0.13511479455600003 0.0 0.0 0.9092750009590412 3.4608650122005264 3.6044602904297802 0.7310488848683624 1.2365374557283269 1.374930885028268 0.22930101246210777 0.0 0.0 0.0 1.5193786912067162 4.605898536309734 2.166399425534856 0.0922735748898636 0.0 0.0 0.0 0.0 0.0 0.32368276466147916 2.0338848171383592 2.9591653774231212 0.4159168010871539 0.09252156992295005 0.7861489452028456 3.144022527421879 2.6809054894972233 0.1386974665745339 0.0 0.0 0.0 0.1382794724359678 0.0 0.0 0.0 0.0 0.0 0.0 0.0 0.0 0.0 0.0 0.0
0.0 0.0 1.0548499899891555 1.8059405405260183 2.871099830605035 4.429753791446992 3.5522812326336686 2.4503204654853947 2.3672031918253085 2.3734285791383765 2.1999493796010348 0.584821252593958 0.13542324317574236 1.2657806644896163 2.267456674064411 1.5897055934436044 1.5484514949789985 0.31909549953653155 0.0 0.04577018853956049 0.0 0.0 0.0 0.0 0.5516636094601148 1.9306146714411223 2.345493416329067 0.966273706616562 0.0 0.04607884274404943 0.23044065666266786 0.0 0.0 0.0 1.154336538250306 0.09240789272346275 1.7082663908422766 1.1541494160434043 0.0 1.985191416154289 1.939175062262144 0.0 0.0 0.0 0.0 1.1058898745062469 0.5066863544369193 0.0 0.18387563453210198 0.1378223677928797 0.0 0.0 0.0 0.0 0.0 0.0 0.0
0.34845700621639536 0.6996465422073668 2.3686922176269234 3.5171492305278287 3.4834147422088892 3.626169977329735 3.0582450451727805 3.2881998269412116 2.5397966467230524 2.1014239718624674 0.0 0.40444716294622124 3.558387127768786 2.3468414622376077 1.7199572561861896 0.09065967551528523 0.0 0.0 0.45505671512010665 0.136757073271237 0.0 0.0 0.0 0.0 1.6960321633086333 1.0103699991505004 4.042096526033042 1.1942902585639155 0.0 0.0 0.0 0.0 1.2897396669685406 1.428625096739654 0.7377830702763983 1.0603238330369906 3.1820630624616952 1.2918715030987653 0.0 1.0610589664565093 1.8906664777614715 0.0 0.6453478697817576 0.0 0.0 0.0 0.0 0.0 0.0 0.45918628724636473 0.0 0.0 0.0 0.0 0.0 1.0491461024001807 0.0
1.1320169059192176 2.2717122469096958 2.845683013543154 1.9322586271333737 0.9688184546019819 2.737122180691485 4.381680115108373 3.8174170910649945 2.3148305290342472 0.08922975684718312 0.6711374522110468 3.3637507201735533 4.135081887439472 0.3601017644961334 0.0 0.0 0.0 0.49979627612753447 4.045699097834259 2.4578363662389653 2.095445547842532 0.0 0.0 0.045759125892911486 2.242768373632381 2.014514805877374 2.2464609344663535 3.256480744221591 0.4586573057583011 0.0 0.0 0.0 1.5641300489597976 0.04598980044951993 0.23008973544720207 3.0391142731237344 3.684761680144038 0.0 0.0 0.32227487421536716 3.1319589957647347 0.0 0.0 0.0 0.0 0.0 0.0 0.0 0.0 0.0 0.0 0.0 0.0 0.0 0.0 0.0 0.0
0.0 1.0035910565027457 2.2285697814976153 3.0237632382080624 0.878841395443636 3.703068375337274 4.420718119999849 2.3046856600064913 0.4886333202887807 0.7127750705108611 3.036538508293127 4.474796503120293 2.4203808581748385 0.08972109894245457 0.0 0.0 0.0 0.0 1.1343069076528711 2.452554351920157 1.774304671632213 0.13655415824842965 0.0 0.22808578782726474 1.0048688699234218 1.7379476240973855 1.6024529032132584 2.747234319606486 3.7117024683632995 0.13748510173913722 0.0 0.0 2.1589798665223503 1.1482430193230764 3.0336801404142015 4.230636031315288 2.529688409007558 0.3218565505833018 1.839671566309595 2.0249934435250636 1.7026622948997465 0.23004349344960634 0.0 0.0 0.0 0.0 0.0 0.0 0.0 0.0 0.0 0.0 0.0 0.0 0.0 0.0 0.7730381725106343
0.08691313691788677 2.1319164133958433 3.185965571609171 3.196668915874646 4.082203642238215 3.433278144694466 3.8834944563671363 3.803606601611318 0.4879608996971166 4.133512345578105 3.875233209901594 4.465066144161543 2.3710774464397053 0.1793208596698767 0.0 0.0 0.0 0.0 0.0 0.8617984277742116 0.4991039805716245 0.49982265060440406 0.45439115041650113 0.36431634770801163 2.23287486571484 2.691161076281911 0.91277962779969 0.0 1.1896709065741515 0.686314815447746 0.0 0.0 2.0639525935738523 1.3766609086782058 4.268425187863624 1.6985125031525072 2.3880215919732803 2.480474635544567 0.41361777815142986 0.3675315374356909 0.0 0.0 0.0 0.0 0.0 0.0 0.0 0.0 0.0 0.0 0.0 0.0 0.0 0.0 0.0 0.0 1.1812018648832479
0.9533028181960276 1.5645647219759127 0.0 2.3616921252377563 2.323221212282495 2.811898947515805 3.7432600451237583 2.1627432542099356 0.8856207379718725 3.3710132413875806 3.4230313998462236 2.495747191442768 2.3206895957916918 1.7882672395718013 0.40285565701296755 0.0 0.0 0.0 0.0 0.0 0.0 0.5444243220493035 2.768565843223481 2.4530474962568207 0.9551626819215279 0.0911098888900155 0.22794241839534587 0.0 0.4568472090590397 0.091408891814708 0.0 0.0 1.7397356167159748 3.159789258265876 4.582536019176691 3.8969457918227675 2.5229788811553133 2.568882776830801 2.1560493734293105 0.1834776003070918 0.0 0.0 0.0 0.0 0.0 0.0 0.0 0.0 0.0 0.0 0.0 0.0 0.0 0.0 0.0 0.0 1.4065179973160666
2.0795225736943683 1.1281235030546248 0.0 1.004442663366385 3.455809110441867 2.323855675143264 4.1755936292713915 0.7922456657197259 1.059868063094742 2.5668461530280235 3.6365933070065757 1.7325970768520784 2.004708613341228 4.016779758721565 2.9056393128993627 2.1945593870640137 0.17933007231249126 0.0 0.0 0.0 0.0 1.7635858804348432 3.350284343983236 2.4928534511476443 0.0 0.0 0.0 0.0 1.366504533828469 0.0 0.8665030312737176 1.2323032227063144 3.061282460223754 4.572482599424811 3.889207951268512 1.7857663427646302 1.5565056170742984 0.22916593844973726 1.329223394293847 0.22917002492709299 0.0 0.0 0.0 0.0 0.0 0.0 0.0 0.0 0.0 0.0 0.0 0.045552533239924725 0.0 0.0 0.0 0.0 0.4986442117948674
0.0 0.3468680239408837 0.477306015733433 1.7430036272717644 3.0563725767770387 2.974870272518037 3.6845296735028366 1.4506393674194862 4.274334017156732 4.416228896222586 4.425750384221757 3.8579547980214137 4.355156182619267 3.028471301973545 4.193568510214669 4.335250118231724 1.3871014350471298 0.0 0.0 0.0 0.0 0.09033703456695898 1.762145388283269 0.27140413427843085 0.0 0.0 0.0 0.0 2.91015850883873 2.9567657783810413 4.463177299680607 4.557929631198648 4.561313131158493 3.742629614674768 0.0 0.0 0.3202262084679025 0.0 0.0 0.0 0.0 0.04573398446174086 0.9608341758099499 0.0 0.0 0.0 0.0 0.0 0.0 0.0 0.0 1.5924552210445684 0.18186038987851638 0.0 0.0 0.0 1.9968072464521174
2.8049504423443605 2.68229648829957 2.9047312565876307 4.260487948804892 3.703633340703431 2.14052826814932 1.7944803965301803 3.904977423103689 3.913245300856447 2.90767900653636 3.8419722056986374 3.0530682117815644 3.547030964096868 2.3983355076263346 1.4688407383811566 3.8337061511000856 3.795787071141316 1.832717931809345 0.5369770827683096 0.0 0.0 0.0 1.712956345226757 1.082436196756098 0.0 0.0 0.0 0.0 2.9034488614602134 3.31423171659953 3.318123589961017 3.002823712026722 4.552698306904623 2.778955714517304 0.04554162750062404 0.0 0.0 0.0 0.0 0.7307658472467112 0.41113457060316194 0.09145641786307104 0.0 0.0 0.0 0.0 0.0 0.0 0.0 0.0 0.0 2.31755893005133 2.951393289700944 0.0 0.2266984773647046 1.2262557057597576 1.9982838413643187
1.0352932020899726 3.8872817641729625 3.5939632764857037 2.8649201473114343 3.827362433778939 0.3485903916078457 2.1850762587715895 2.7129557740414785 2.7650294478022617 2.726056642251981 4.405543538255053 4.4143501605328925 4.422943601920059 3.45668199269643 3.7737162620950966 3.424243984981055 2.0942588686740633 3.525346204685308 2.3239458614208246 0.0 0.0 0.5835344979420728 2.516811383671384 2.116181323615396 0.0 0.0 0.0 0.0 2.5807769829259724 3.6255488349640776 3.7191559797830185 3.041865474384692 3.6801632131265314 3.774503326704332 0.7280101278503288 0.0 0.0 0.0 0.0 2.053582676202118 2.19060928518762 0.0 0.0 0.0 0.0 0.09111761233618185 0.0 0.0 0.0 0.0 0.49944589458917393 1.9059863352823387 3.7642049932524304 1.4526710346638012 4.176988213450376 2.1330270722336486 2.8113913807811732
3.6188039722852405 4.097975952290654 3.025735320797053 2.8582157270519883 0.7809236162286186 0.565752115620173 3.617936253062655 3.4514762337628424 3.676579424696819 4.386486163597147 4.1316392254307 2.5101873418927525 1.1920195004696843 3.8458352441306114 3.8091472438624323 4.436065419667881 4.354589748160696 4.361681374055002 4.145565811444088 1.115548936456506 0.0 0.7612826234817486 3.0495733927855877 2.1997568649988146 0.5842464677623436 0.0 0.0 0.0 0.6781400952493712 0.8589162590098922 0.22657119190154906 3.081237021923884 4.307895924154603 2.5876751523447723 0.998588628535783 0.1362275329207506 0.0 0.0 0.7743048682367554 2.7340719235531763 0.5467184588846152 1.0480459638170083 0.0 0.0 0.13664607221295566 2.82203402604804 1.9557968113963187 0.6819815790906528 0.0 0.0 0.9069824755174611 4.261517166731231 3.220607231463512 3.311832739428725 3.899229052713979 4.122695498324758 4.21050649099246
3.8708752921276437 1.98401777618542 3.1080466376825377 1.4262532201673006 0.0 2.3447075418820678 4.001546336157396 2.701931206595143 4.193047415238904 4.026369156396217 2.2360776003400575 2.987255378215917 2.5090694884310314 2.9088880686868954 1.677800562767059 4.159292863511733 4.432084178948283 2.7975519787073453 1.7340532096898895 3.339210712416469 1.3370488871806696 0.0 0.35829610502398224 0.35843974427979225 0.0 0.0 0.0 0.0 0.0 0.0 0.0 1.0402653388421426 4.026773662881627 3.6687268309694994 3.718179206753504 3.7200120948486446 0.49918295154242015 0.09079517874126947 0.0 1.1375050935028366 2.4573981520539108 2.9127235582866247 1.0918509284604834 0.1364181919907307 2.136771035935136 4.31821871471174 4.497470872382062 1.4070391061011494 1.5869528296347664 2.718949140847262 3.2184071701603814 4.263369738116273 3.5812478191256187 3.8957156553816428 3.0329030446628433 2.6694950882359474 1.8539535442316581
3.3927629459022426 4.001675901567487 1.6809089616489419 0.0 1.1243724144113454 3.163373917010819 3.6457836763253217 0.9558779498952884 4.226898578864022 1.8331918500062587 0.2624808983815994 3.1554813691527634 2.67802049123832 3.738844152445856 4.405640899951434 4.413114554919524 4.420418855297983 2.9223862047789826 1.5964750690630432 2.6205522617111865 1.6014799368362436 0.0 0.0 0.49136920533253664 1.2514846776345605 0.044706312643548685 0.0 0.0 0.0 0.0 0.0 1.0371095124534746 4.108720778500604 4.293725822810474 3.2576055825280035 3.397184439681714 2.991319601657847 3.4015547249054183 0.0 1.3176133404833654 4.180386115374526 4.272018179720993 3.680754313215194 2.225981948252808 3.270077107326586 4.538602835389027 4.535755147159213 4.260864155180668 3.2163337543886645 3.9879270782772243 4.259554454903353 4.120835549664865 3.98258202224549 3.6639532448727516 3.6159166689324183 1.807021478631303 0.0
1.8855675194768702 3.178688552503797 2.495087578902543 1.4659160741081383 0.3458456532206039 3.070256890361649 4.244314813669005 1.3457520324804157 2.739736031386303 3.2237912166853686 4.0581426593654415 3.495938422759819 3.4592269212152558 2.1498057311320475 3.1641453966521342 4.40137963432955 4.408571169244131 3.70839817678835 3.758673962035891 4.429270580232559 3.4145035455337753 1.42029889684305 0.0 1.0242517739269281 2.8995603186032612 0.4909840398629218 0.0 0.0 0.0 0.0 0.8086508373503096 2.7902141091205217 3.603526135968304 3.247636801756256 3.836486580300078 3.750377135423811 2.7584473496741975 2.8525245548108216 1.4046946537589895 3.627964573069928 3.8118103706770103 2.995890769076798 3.403810230203511 2.4948943467239086 3.036888796000312 4.531069222606265 3.758525206823646 4.164768220983374 2.5811261670207104 3.1226596180485107 3.619420777319825 2.7583320335713934 2.439508407446359 2.122379369138217 3.5646623219493234 2.7508732127681506 0.9457781790342543
2.695954055526274 0.5996100065383382 0.6019598119998613 0.12926581662486325 0.6895043247964893 0.6052705253653446 4.107880086620462 3.4628642355803767 0.9110422956543772 0.04344430593673765 3.0468592337442617 3.357864756836382 3.05655497045831 4.374969252550747 2.2348863184116037 3.2492366894241225 2.4617939884822717 4.13898959342249 3.8812584990730676 4.196550910183205 3.2292068843286534 3.677321417095241 2.6609272652562246 2.9321638670836845 1.9583291102986942 0.0 0.0 0.0 0.0 0.31329124302268363 1.749430264291695 1.4374766815588285 1.976836374083018 3.9591928120398383 2.6579915252706483 4.148566850338524 3.476305382679259 4.24765617971889 3.25596052337461 2.17323531731763 2.9441226144109542 3.8062773319054033 3.081238318242752 3.3050878903355194 3.983069652577264 4.523236066911928 4.206407547627786 2.5324196746406202 2.2151659516616045 2.6657359070182296 3.476127119122992 2.8888541405623704 2.2099845118729817 3.0206805589292465 0.7210132596890307 0.720299402843743 0.7202623968276246
3.4160731613242046 0.42743849342745754 0.0 0.0 3.2700118985484083 1.1204044509712314 3.3690861043031646 0.864705457020243 0.0 1.6891671728425672 4.254557369030373 3.957812548155721 3.963859088790455 2.660759031230957 3.976450794620657 1.9708146364972705 4.384280121882292 4.391140388312642 4.133834433192619 2.0706310679756346 3.353652575686344 4.020294672802891 3.848198317958455 0.8420731655969252 0.31068935151828936 0.6662335594894855 3.024363037752196 2.04813044940129 3.612928135188077 4.198259825460279 3.4869123038324124 0.5813340523107255 2.1522373552692335 3.8149416382935746 3.684727874108202 3.777992009196411 2.6105806118287007 2.1633029453177275 3.2947100827097744 3.253410194583083 1.6288815820765832 1.0864768037197152 0.36197604591803756 3.8420861309338186 0.9942504561214334 1.7622396126549988 3.3867234982857632 2.166315658622006 1.8500457655724176 3.112031400298012 3.019418921068423 3.873205063624432 2.3862058109160755 0.6752463782678806 0.0 0.1796963155581713 0.0
