agricultural_afforestation/data/SOCS_1km.txt
nrows     203.0
ncols     198.0
xllcorner     857533.25
yllcorner     4281682.625
cellsize     1000.0
NODATA_value     -9999.0
[rows 156 to 181 of 203, columns 57 to 113 of 198]
0.0 0.0 0.0 0.0 0.0 0.0 1.2142307984446687 1.0824940313934022 0.0 0.0 0.0 0.0 0.0 0.042218116115688716 2.486185255304836 1.5971101487340484 1.3785882432122454 3.0842474377126243 2.7811476944204596 3.1419629707421044 1.565624549140366 1.9290367292472774 2.2901319233046227 1.914170857495391 1.0149686624448742 0.5261550008700642 2.0957674135724833 0.5226001840840624 0.8002633249317811 0.8792136670087185 0.0 0.0 0.0 0.0 0.0 0.0 0.0 0.0 0.0 0.0 0.0 0.0 0.0 0.4831420126500279 0.7004900266865404 1.5307736528903044 0.36029954788495644 0.6082464238174095 2.9567675474175736 2.159639350479188 0.3891389615186389 0.0 0.0 0.0 0.0 0.0 0.03543065240129232
0.0 0.0 0.0 0.0 0.0 0.0 0.47761593115298107 1.3425714320664548 0.0 0.0 0.0 0.0 0.0 0.0 0.0 0.5040632752371392 2.636132017350964 2.2098895081081844 2.658809861848219 1.449133358206455 1.9374684713717636 1.231060727834019 2.658438591070181 1.3055443606397752 1.5829439342957041 1.942462560332517 2.9866977453039234 0.0 0.48070123701622147 1.119636628833911 0.0 0.0 0.0 0.0 0.0 0.0 0.0 0.0 0.0 0.0 1.1822435073040083 0.9131082190365403 0.4874759882151965 1.2701226072174343 3.0316893359154626 3.632699661047269 1.0953160782459403 1.333530910026019 3.5533674793883936 3.248894481229283 1.2824048777651318 0.0 0.0 0.2124410898871768 1.0257432434274878 0.17688267000037378 1.2776263541001498
0.0 0.0 0.0 0.0 0.0 0.0 0.0 0.0 0.0 0.0 0.0 0.0 0.0 0.0 0.0 0.8396155102575038 1.1720502875532757 0.8772824634565005 1.3707013300820465 3.146022950750749 3.0514219373218654 0.5340971860751066 2.782726271296469 0.04083812463975475 1.1371984412566967 1.375622281960323 2.706129454870845 0.0 0.4809484181534104 0.44029701554411915 0.0 0.0 0.0 0.0 0.0 0.0 0.0 0.0 0.0 1.3130485675755703 2.073656411205034 2.7117131616395613 0.0 1.952405701617467 3.4258922808884864 3.6932604241472298 3.3726142160832504 2.183864760496639 2.459028889918672 3.486673527828697 2.04082582605953 0.6787808982113642 2.027061198509866 2.3781730440164734 3.5483634567660016 2.376746262291087 1.8089525720771487
0.0 0.0 0.0 0.0 0.0 0.0 0.0 0.0 1.0380370869627806 0.3886535986744468 0.0 0.04270205080666464 0.9380647631348455 0.0 0.0 0.0 0.8379913913814054 3.0041370400520284 2.204631095181102 1.5313872299518392 3.4241235587798453 1.4366143644345213 2.129792950247457 0.08146797569682301 1.9908642240883998 2.794845707448833 2.4244026548746693 0.7249073482360108 1.1236060919768003 0.0 0.0 0.556481473284403 0.19863662334625387 0.0 0.0 0.0 0.0 0.0 0.0 1.3564885061895726 2.162978830335187 2.876655183346621 3.048593704501842 3.7396625514921538 3.1843459448520797 2.823487993563313 2.172590650342237 3.224387459720866 2.183576403992833 3.5463086103344805 3.3150670241709315 2.082297173226419 3.0779545906180146 2.0020204931271266 3.458842278583726 2.8501218303912674 0.8902245227650134
0.0 0.0 0.0 0.0 0.0 0.0 0.0 0.0 0.0 0.0 0.0 1.0259462332075255 2.6867875196726754 0.0 0.0 0.5043787503800298 2.4327656489578438 1.2099330391274135 3.9507465228976666 0.8711165473283544 0.9081054314575392 0.0 0.0 1.548939361522243 1.5463171051702334 1.7420207579138776 2.6677585997528803 2.9408581313528686 3.0535987565296283 0.7219163629111648 0.0 1.2728857548541845 0.9938394019318231 0.0 0.0 0.0 0.5120642382016641 0.0 0.0 1.4048198226768045 1.791238107437224 1.1166102014826211 3.8300081976729095 3.7983625771439904 2.5645642907938893 1.0116690276726783 0.1481617377095694 3.20472974425809 0.6605750385322754 1.418305047018996 2.2838486022080704 2.0933233406741185 3.274222889322761 2.0440559400299367 3.296246189625713 3.327785093553908 2.253990167300097
0.0 0.0 0.0 0.0 0.0 0.0 0.0 0.0 0.0 0.0 0.0 0.34244304240234513 1.2805292311122882 2.252685917949041 0.6356288078745024 0.04205274812099189 3.1457480460317058 0.9613289303576783 2.7860464285116846 1.9491239529943842 0.0 0.0 0.0 0.6523063774863965 0.8128882749420144 0.8113958747636945 2.060984981790304 2.2156747171289455 2.131653150743894 1.883124719393742 0.0 1.992276720612087 2.9836318962967256 0.11921956382653362 0.07924982862303837 0.0 0.43343066170564826 0.0 0.0 0.6264718941623431 3.4789964318899305 1.3983031130100834 2.420357876082278 3.167426968013131 3.0288316244506395 2.7056443739346623 1.3817828644885806 3.0761825815456723 2.726623137302087 0.36505365335982687 2.8406448419837265 3.3390028275039536 2.388308366205267 3.0673054963192614 3.600036542836122 3.594375390662682 3.5904380266929086
0.0 0.0 0.0 0.0 0.0 0.0 0.0 0.0 0.0 0.3458794537227376 0.34388130046437093 2.5752510641450623 0.554376425470537 1.318390925128538 0.8476641598317571 0.0 1.6782575625935414 0.08370001305657104 0.0 0.7869452556160117 0.0 0.0 0.0 0.0 0.28469697743348754 0.7713615963059391 2.182088304273921 2.5402643516608236 3.177663240189718 1.763062307843497 0.039961762566527725 2.6735221055278746 2.946169875248827 0.27826436469661914 2.418391889779659 0.6734441134044055 0.0 0.0 0.0 0.0 0.9005141343981242 2.4508260338874157 1.349453089482508 2.454103926440814 2.965926750730714 1.1324813191889924 3.297566633036239 2.641857332755803 2.5165169936718295 2.5403861907636305 1.319549697276755 2.5918926409997756 1.7454946111080902 2.645726440312051 2.4940667276676063 1.8030383692055318 2.7390029636806315
0.0 0.0 0.0 0.0 0.0 0.0 0.0 0.0 0.0 1.4270736963081903 1.94178379601049 2.404594169751058 0.0 2.3816220788106746 2.7539556201855957 0.549131252373154 0.08395046454729348 0.0 0.0 0.0 0.0 0.0 0.0 0.0407777038448708 0.6093838152142984 1.986865402137883 2.1016831931953894 3.4694111230113998 2.0517124569293435 2.969020253202078 0.0 2.7958040560857302 3.0698726242332457 1.1940611714899094 0.03964667424198835 0.7924162417880795 0.0 0.8290150231393548 0.0 0.35333468578584676 3.2887885072775704 2.064326463955755 2.4336506838623015 3.226413582300562 2.7459241784071287 3.5212177836384653 3.7617309706407402 2.8422470470966865 1.9705175395772343 2.8840167119579467 2.944354048683833 2.199526230136095 0.14625095936844903 2.4396764683972707 3.2337188757377375 1.886718690936844 1.773468775505315
0.0 0.0 0.0 0.0 0.0 0.0 0.0 0.0 0.0 0.3892272117160378 1.9848150259575341 1.2886061019496302 0.0 0.0 1.4825671746596196 1.1816583372674063 1.7645839470634574 1.1291201464479041 0.5000604634336208 0.5382911128129504 1.6090171548173977 0.45261119253834053 0.0 1.7118756861777957 1.1393427820981787 2.59429596015381 1.4970149823147336 3.9941447590317467 1.7312665703516463 1.164653635045668 0.0 2.477538110767431 3.9895988443571624 2.230695662456741 0.0 0.0 0.0 0.19742768611703498 0.0 0.0 0.9379339853386885 1.676074378555694 3.095826503406752 3.847247443831855 2.486040933133469 3.4557705684589437 1.773899965040944 1.7269637723887377 3.732226516913146 3.082269916863371 2.439948010760684 1.8426572521994244 1.9439511933482274 1.060470416209621 2.186923294007532 1.8919628306778458 2.907349595513617
0.0 0.0 0.0 0.0 0.0 0.0 0.0 0.0 0.0 1.213540070438467 1.6847405267221385 0.0 0.0 0.0 1.484220898015429 1.1810611667501223 0.8408407995695973 1.1288490657977137 2.082455757547875 2.029579371162001 2.888323708741541 0.3696400387416722 1.6364523979816694 1.9161261770288314 3.578057275762235 2.554803024955876 2.912074195988645 3.9145431972267777 2.214140631452855 0.6430601294981857 0.0 3.119978180504814 2.794324312997701 2.5114641043769512 0.5966540369780762 0.0 0.0 0.0 0.0 0.0 0.0 0.38950287571677006 1.6265230582884667 2.6181114830239096 3.562341322021355 3.5024459724952517 2.19704480464356 3.163868524537523 3.7457597342703113 2.274036969924974 2.821817244480587 1.8859723558987664 2.984801423132324 1.544299180851562 2.6007719293789147 1.5354594993744215 2.22498595871723
0.0 0.0 0.0 0.0 0.0 0.0 0.0 0.0 0.0 0.2167747045073963 1.9438339870003873 0.0 0.0 0.0 1.6989506742783513 0.0 2.8165959992580802 1.1711520548304986 3.497949442201091 3.2335155842131726 0.5371448412419759 1.8058114103067828 2.904048614471172 2.364162303517723 2.885591489430507 3.202932150804145 3.762042767993906 3.3912482772601518 1.4898677088473082 0.0 0.3207126464490448 3.3624080727872534 2.517565354662104 3.868210777340926 1.950730479196873 0.0 0.0 0.0 0.0 0.0 0.0 1.323029230272439 2.133404419282397 1.8909202021265707 0.5368075699888394 1.9832688028726078 2.693677110443967 3.0224681876172217 2.328235852436712 3.7406892607085704 3.314504487194164 3.710374090670291 3.2163518247664324 3.464708773970149 2.352995480931269 2.567078061511062 2.782377924777429
0.0 0.0 0.0 0.0 0.0 0.0 0.0 0.0 0.0 0.0 1.0801558947941312 0.9905681289207986 1.0710630751966757 0.0 1.4000038681405784 2.409111586920958 1.2614944407264828 2.259053317061802 3.7081645849080433 0.29065090285466877 2.3501416627494676 2.913989436860066 3.064953267495613 3.014804657902984 1.665646596605079 1.8659852142869844 2.306122575130727 2.8677971017162394 0.8064864738158624 0.0 0.8423373550610526 2.9240893894423596 3.399054192047861 2.3939497016524642 2.7483764564605853 1.6692584567095088 0.0 0.0 0.0 0.0 0.0 1.0905555235909392 3.259483432004251 2.472360043384216 1.420921203297749 1.2632411894241324 0.7601664332600139 3.293491520164265 3.4668961863194623 2.702688475257338 1.4953360601005978 3.7232338818155766 2.671139429363401 3.0713512532706444 2.6205760802109825 2.9450160814368567 3.269520734722667
0.0 0.0 0.0 0.0 0.0 0.0 0.0 0.0 0.08742178271497297 0.0 1.079795699051547 3.790541427293687 1.9289046447949967 0.0 1.188003160263042 2.2850561221239443 0.04198436807250953 1.0884606871595608 1.6273550198848798 0.6210286390727856 2.229905496900879 1.435405857932626 0.6137079812970738 0.8954320600664452 1.8297000704431168 2.920221801149188 3.7650098884199177 1.4549862605100954 1.5733321706871928 0.0 0.3617061131548875 2.6457105932504756 4.001167934673695 3.513571412597323 3.9843033163185027 2.306079665467553 0.7938211331355649 0.554307529275049 0.0 0.0 0.0 0.42834484273577067 3.028831016792142 2.2425700299175535 3.5025828349276233 3.830564959886601 3.546196779157324 3.795695663150845 3.4390418242653897 3.387797322028098 3.5235444564123855 2.9516111365037925 3.3138485075986814 1.11264693552751 3.0715657324584176 2.954940088471938 3.6853912665597734
0.0 0.0 0.0 0.0 1.0651144693255308 0.0 1.6727346645666927 3.06917189778993 2.796629332660233 0.0 0.21606843744285456 2.7591694937349636 1.5861377612415721 0.7272420992752702 1.0201580206651166 2.9191895714742286 0.16879878335467605 1.676037162103599 0.8354291818074531 0.8719826831615004 0.0 0.3282505497069549 2.0453145511132487 1.1017893546704098 2.033615789868558 2.4759690780540833 3.8491440615895134 2.871518122537589 2.744921872823286 0.0 2.5335015318738403 1.9253446624057002 3.362958237102339 2.2380355919791817 1.5550703688959828 1.7489561764778905 2.817391098197719 2.5335477579522974 2.6820733227084603 2.7932289664626215 2.741009727579395 3.6670426970633896 2.8754012179762385 2.90228167808114 1.61790416864997 3.0321274086464034 2.21456202631444 2.2451268473075907 3.7505375450630445 2.4161627668205026 3.571178481673088 2.960350919084881 2.7620941376309287 2.9798400754289287 2.7109645668411453 2.2964618457224883 3.216577088680193
0.0 0.0 0.0 0.04453167373586289 1.3764782268464841 0.7976349276670518 1.0140313462298027 2.7624405670871606 1.0055866200279366 1.000479783604983 2.121381903891854 2.330213677174038 2.4874860787114543 2.3930238948737905 2.977890640984682 3.471873502047264 0.6739347176337754 0.9659151696156477 0.5422574016681296 0.8734776355206568 0.0 2.5110223891156696 2.461183980349374 1.6352988267351083 2.0377136420883915 3.740017123022666 1.946162024463073 3.6032131189983034 3.1515418560385045 1.2900032889364605 3.783145797736805 1.686667160001265 3.806812420173429 3.0793651872329204 0.7582706938584434 1.1532769325522496 3.2149374365373493 3.286442877319588 1.577566729118076 2.912370646178599 2.9005258096398587 2.6929612726794483 2.761775372072734 2.3641769740476626 2.9316118367698794 3.8429615222876023 3.02322735682475 3.5448405598181014 3.797261082356329 3.7830411419049823 3.6940653984908574 2.7419820490444047 2.585231656146109 1.9805105349668215 1.081563118532504 0.4453539118287819 3.6340809022028866
0.0 0.0 0.0 0.31191054831610665 2.7544868646556653 1.3725976050988085 1.7172811228086515 4.3007106006008025 4.282796622334796 1.870425189245812 3.5523839342637626 2.8476984878538105 3.950664481668365 2.651926502748026 3.6600559543728286 3.6005871275778207 0.9717400191063187 0.4190085078242333 1.6705879240233341 0.4582276491649322 0.0 2.1427754916467094 2.259960661584892 2.4155887492771972 3.5108705061664 1.7912973384659996 2.72157988386827 1.7035189573373017 2.2246110489290816 1.1698670507763402 3.867473546368143 1.8083102905167912 3.2481122948045926 2.601869417861936 2.8736104407534726 1.3148977872963936 2.581256108550951 3.0501493087294804 0.670884506701625 3.347592504078662 2.9828042678343065 3.440256240949545 3.5420361732977166 2.9096847434059363 1.3901323710198497 2.9622664710657474 2.1483630497383137 2.634917810942155 3.805508397504481 2.691907914178624 3.3257078830289273 3.201167348573923 2.403737338533299 1.758705265936105 1.8682005279358025 0.6705797755488977 2.7146845858233113
0.0 0.0 0.6717367366824718 0.8916637385681994 3.0206233407451415 1.9042876005147833 0.5720980635180737 3.556322926803594 0.8742771033591427 1.088254696065829 0.9535446640896718 3.322000911559044 3.3084371316519747 3.5937170080061724 2.6393779821209997 2.6717688350220876 1.3098334791194293 0.25162693333040637 2.5116431776438173 0.8754179869105063 0.41545895923400433 1.0318034491041141 2.674796566300243 3.732227393755538 3.1879991660126366 2.7313279026030997 4.025910891593151 3.9390938191165024 2.148301703187203 0.08072184853760506 2.1772075922284513 3.3394889480163688 2.5686821704030005 4.0051241804903235 2.9567865478472526 3.1881633484260066 0.6365922050194721 0.0 0.0 2.2841875720162568 2.513962778521276 3.9150164388551567 3.897771695746061 3.766197582653921 2.9025925326507305 3.005971465303662 3.840531649892202 2.754813621438723 2.5166337255451823 3.2308666579422587 2.309984668228647 1.8895696229069807 2.9381679837190413 0.8269736987687374 1.5360466243473951 3.214101515575509 2.94741061067806
0.0 0.0 0.04470502146874235 3.6121165815655596 2.355085963338835 0.7079914429386176 2.2475444910773565 3.732385868735395 2.5779471994309944 1.3076599852929782 2.817322093262783 4.317519873861329 3.138118620070103 4.1948134368474035 3.5381501875265546 3.309859283212371 0.9310128039997846 0.5471972021747414 1.7157641159904962 0.959971647560983 2.7835598870985025 2.8124317180986833 3.9576543095123013 4.108157274258405 3.5627636975463326 3.3887214268170354 3.910132854881267 3.823066481388653 2.4746415156270816 0.04054018990468508 2.301014652976907 3.8669527257830203 3.898067244565026 4.008877950452259 3.9989662370812717 2.793121091851333 0.0 0.0 0.5136676866948727 3.352695175607182 2.556565572740566 3.60505400367306 3.7885888520151827 3.2268664934443323 1.5480776737702007 2.201058585625788 2.8078010638753814 1.034546240883758 2.827935132906766 3.7703572870229243 3.378796899455458 3.785301034203377 3.0947860377920913 3.6516038436952956 3.567930704003365 3.597129673040498 3.73968530788382
1.2627374799789153 0.0448417312293288 1.2520281012691943 3.566421620867233 1.9995248319657501 1.7694888349360138 3.4811212938168046 3.117081463321164 4.197790433467662 2.440254629058086 2.1683523907300746 4.102885042057907 4.129250237469682 4.2829462068285915 1.3648924564606046 1.3578521555970564 1.8190858519442603 3.4953918395314076 1.9279694062209285 2.5072297365721155 3.951184909113498 4.1436871752623645 3.716227737895975 3.784840469045739 3.4853074450558608 4.0891204217467045 4.080052052983714 3.462622555991375 3.2092077210128607 0.6896863959022215 2.0613852099030687 2.499645261736929 2.8154510636729615 3.8524963958085743 3.401758952535978 3.63341562229564 2.31018066333357 0.23828963167335554 0.15825316783016727 2.0136971803681685 1.8885627612229325 3.6880601367315315 3.910562023280797 3.8966152097808093 3.878856238057083 3.865664773255584 3.8529319214728757 3.7252390918588327 3.253871287612405 2.861584761444046 2.6643338037240234 3.793908335458929 2.725320955751952 2.9435002680890556 3.4265140992802543 3.26868878630244 0.41198775527188447
3.0627873153152416 3.546270199756517 3.6686171384223827 3.164581481209364 1.8662364525831026 2.2120945356994985 4.187654536361486 3.1164384921100927 2.448387132666583 4.31228414997351 2.4740343415525667 3.455774192201392 4.130488279243791 4.285155575172388 4.267425499407781 1.1043937614729056 2.2872613033880986 2.021916672679567 2.434874771514982 2.9701203176523423 3.540945686830068 3.567955420683162 3.928222252829684 2.8423089667422086 2.0933349448126055 4.094751296668429 3.2282734938789424 3.916176944273933 0.85505844200407 0.2841303581152833 1.9821380423705202 4.037492117010929 4.027341776632682 3.936923565043779 2.0446034047127997 2.9162757788107894 3.7067947805243344 3.6565006973836662 2.2588889161383725 3.3200104476440098 2.561469816075121 2.7111669040151836 2.27104057399467 3.6682674012442296 3.8882702897151824 3.716290252271203 3.5115139718494808 2.4248511933392844 2.7603746288874174 3.823705237923399 3.8126985667391797 3.8021839931364365 3.2233043923164972 3.479784151688905 2.9811933247766587 3.013464936555772 0.0
3.6005268398129466 3.635333001247083 3.2637152656897896 3.297099981951387 2.8416448228207427 2.389190087944399 3.3492500272690395 4.170529890267764 3.7607616161384474 4.31262476839667 2.821432576774682 0.38917439166018003 3.787182931280814 4.201564379078248 1.0681517025158773 1.6160619549397406 3.0920105524093464 2.319894989926296 2.98407155106027 3.9761846920847153 3.7526969610523713 1.9110816412453695 3.2279514075648366 3.4650500865937603 4.112770447766595 3.977195349834866 3.685306929535689 3.5137492138012734 2.6474471613628223 3.941601461861665 1.1750751881171873 4.042380419418862 3.79005009139131 4.021580299658084 3.930997034633253 3.920427648025696 3.7506649877462688 3.26204690072308 2.0234439646179734 3.7978691066841153 1.57737524461038 1.3374546426851852 2.4693558053095845 3.360604281533409 3.0388127149320745 3.8804091438800636 3.092106727748807 3.8148505784962 3.8419747030407163 3.7159198306124064 3.705787728445032 3.009222323048145 3.040923153056319 3.6398429604372957 2.6860188343969758 3.624169366636168 0.5655758395323821
4.273791229974859 4.124891665632405 3.1280229527883 3.4301048814749446 3.328119944131356 3.979416789004057 2.9968578521507068 2.9414376732617304 0.9184045599087958 4.00733143553009 2.041192512382455 2.116339111531556 4.305879836712136 4.117726823806478 2.6914916469217274 4.04233211778571 3.942046746273377 4.222090448165806 4.079644481371951 2.681751477210414 2.8378955544077837 3.91028784520656 3.7718940931977674 2.6852596179920423 3.540865242559019 3.7359465098610403 4.020533122753729 3.027837626407184 3.7125608372306362 4.0688371653894935 1.5429016155817656 2.2269500476455018 1.6947289956529115 4.026177080684651 3.4137682953482495 3.363396015787009 3.9940084710184607 3.7043597149057934 2.1452324072663016 3.3662746510643142 3.475228594837546 3.937333659975003 3.76855028298964 3.4047634200205534 3.5509200738430864 3.8118441987036364 2.9056913440857848 2.3539472160453148 3.810247170972313 2.840605531497666 3.789551038842517 3.8179030143266384 3.503809217313359 2.7742496209783116 3.6395795724307205 2.8752347287978703 0.0
1.2590993572608369 3.8077691318896685 3.751655336187879 1.2016033966112638 2.3953091156955093 1.723025065299044 3.568171208988506 1.2728908133840982 1.5729971061821983 3.0494135480094515 4.2964842667739545 3.156848596954515 2.0242644282932987 1.6732022813073528 0.7689467693300782 0.5533789284191533 2.7135132828000033 3.633948798029281 2.1477320966510582 3.9419021685937503 4.178768544615029 3.2063776637335852 3.6927236808512203 4.135962410996094 4.122654637026751 2.3855325516914845 3.5747881174889775 0.8602933218707638 1.265770620918626 2.117251202395391 1.8295841683141945 2.959112986200315 3.11177642538737 2.2179829099254316 3.7384149215439857 3.047922490708539 3.558339599332093 2.9909939936503966 3.8175111349851814 3.846173195455577 3.9143142831112394 3.4691832226775574 2.712989960107537 3.2923088858043634 2.7350967159376385 3.4667875421578165 3.884155254065852 3.828583290556836 3.0848617566874545 3.4603647108534528 3.105907548367628 3.787080810662862 2.5572966277577773 3.2749719507299178 3.1532057811787815 0.3414094664187009 0.0
1.2112588348954383 2.7744985198077563 4.239457749561196 2.8469159484133972 2.0400752999283798 3.843800199458774 2.993522666008769 1.8437117165816275 2.927707551329714 2.7006636299289224 2.864734749286605 4.10745024224729 3.532652205678256 1.4163627293307615 1.7531167195120616 1.19386603848358 3.861332407417895 4.228167848371922 3.6657599240047465 3.6090948172847885 3.1367148510678993 2.916799174429694 3.447495343122516 3.311935272530378 3.507353616371831 0.12357359635788631 0.041174050094205016 0.0 0.0 0.08144897437189891 0.4475733471860181 2.068362996250684 3.965568841798418 3.9550278449431846 4.024872164831996 3.732999667829305 3.843188183186149 3.872288559740982 3.2649695374188994 2.4607943092532927 3.760999617559478 3.710547333174547 3.3461159331859447 3.6105956409184534 2.974272658058087 3.862991694044472 3.5023083224925844 2.599566223277261 1.855110834031909 2.1564164112343085 1.383501240861187 3.6793727403940535 2.255296513879016 2.5171612045105745 2.360515296892255 0.1521106251445981 0.0
3.3197892585334294 2.3253083556226875 2.0062835667519154 4.177874572049777 0.5767266985391291 0.22053482524050022 2.4640614070723834 3.8602014781451013 3.1909465523652747 3.1349203800141643 0.7388016946072415 1.9441390963273026 2.1985700076905568 0.6439727071956036 1.8387874691066695 3.750017674904302 2.165123065128436 3.5108435674160403 3.0364730278911103 2.2679781788674718 2.009615307388048 3.587039066108417 1.9961060973794016 2.362843579342083 0.991349654013807 0.0 0.0 0.0 0.0 0.0 0.0 0.6897583780559422 3.646310599453686 2.2234858858083255 3.5860374958257584 3.9384113411520087 3.8477126705388214 2.8769416714616174 3.06920288264317 3.9749385790867766 3.48863156687338 3.042987551522955 3.5477417832847054 2.672576329010359 2.6255853161561036 3.8300789870636525 3.8973334490123994 3.57568899005164 3.2160796977997044 3.356587523713501 2.1940122621154883 3.032791025121462 2.2233025479203894 0.0 0.0 0.0 0.0
3.3155735850761494 2.100682454888121 2.672537694447273 2.3981700782697324 3.277407461816993 0.0 0.8788953596220959 3.2449747308637016 3.669520156064546 2.786884822586231 1.476981617801953 0.34544462496295214 0.9914401049440573 0.0 0.3849757670200672 2.1310358439662274 2.1242696014109606 0.7195342433426153 0.16886136441222074 0.0 0.0 0.08344671907986392 0.0 0.0 0.08274312871829594 0.0 0.0 0.0 0.0 0.0 0.0 0.0 1.7834848456679522 4.045452055078047 4.034522041040715 3.340450981600802 3.289913246602014 3.601690038890681 3.711752521647941 3.9799765855333695 3.81051358938956 1.2265598436546075 3.947089926443857 3.818265934000505 3.8075177830031346 2.740849232794421 3.434707958079872 2.0251136755915433 2.0576037674361234 2.553828940411891 2.9681507031785577 2.7696728860233146 1.57359208384751 0.0 0.0 0.0 0.0
