agricultural_afforestation/data/SOCS_1km.txt
nrows     203.0
ncols     198.0
xllcorner     857533.25
yllcorner     4281682.625
cellsize     1000.0
NODATA_value     -9999.0
[rows 104 to 129 of 203, columns 57 to 113 of 198]
0.0 0.0 0.0 0.0 0.0 0.0 0.0 0.0 0.07919865866129305 0.0 0.0 0.0 0.0 0.0 0.0 0.0 0.0 1.5980188707408336 3.4255543001533466 3.1477903723165985 2.1746833061288813 3.0269158115992996 1.0099877247478326 0.07795503580921775 0.03900460133634523 0.5091959702711781 2.6329678899275497 0.19678500174630495 0.0 0.0 0.0 0.0 0.0 2.093524595048433 2.7054662337583055 3.036940163118711 3.6966056259487434 3.0955692048270524 0.285815343861087 3.359879277789746 3.1224479140996646 3.0893113268018793 2.477056400867317 4.1388352204494545 2.945337730584898 3.285475962094179 3.2069758523414347 0.2504504015464908 2.383414057266757 0.0 0.7561385976517047 1.9800674966205243 4.219222571181307 0.7611422133041738 0.9321138631160694 2.7164372848130944 3.5293934005102234
0.0 0.0 0.0 0.0 0.0 0.0 0.0 0.0 0.0 0.0 0.0 0.19688684676093204 0.0 0.0 0.0 0.0 0.0 1.4407783326119694 3.5372064210583414 2.5214146217995594 2.2844872523863557 0.3097220538849995 0.0 0.0 0.0 0.6262705500721856 2.2764972419193574 2.9529819731238005 1.3823753974862807 2.103332800363197 0.9542915397236053 0.0 0.0 0.8444555552922892 0.7261177860055119 1.2947671195685564 1.6228233428956327 3.6626929120329352 0.9387709952685136 3.9699038710209678 4.021354141765516 1.151775092877906 3.052145886509252 3.597480762578608 0.6209599423745852 3.2819640196009843 2.5367660838677417 1.8334488006665939 3.132986548384114 3.097544486810543 2.3502109267218145 1.3873788993451301 2.4443506671429565 3.3346745316638717 0.380811154968106 1.6960470030961874 3.7357323986072286
0.0 0.0 0.0 0.0 0.0 0.0 0.0 0.0 0.0 0.0 0.0 0.9841411345896086 1.1404018817574972 0.0 0.0 0.0 0.0 0.0 1.631024345325653 0.426390334816177 0.23213015365082748 0.0 0.0 0.0 0.0 0.0 0.0 2.794520745411195 2.133563549051206 3.765626569863006 3.4199920873858733 2.834641431920855 0.7998995361142673 0.8846071927338228 3.7478018285507084 1.293599811027737 1.6224055423318648 4.0664184761110835 3.832859273612421 2.8221473717520906 2.5826193866725107 0.08231985642689124 1.483460393987004 3.4283199401336404 2.1109833941163725 3.5683234355528977 3.2412866274466907 2.998248604294623 4.172663071494578 3.5538929869199145 2.8917647977744645 3.736828317928611 3.9118688500268837 2.316848760786207 3.5883487684743267 0.2963867854087501 3.5168331697299746
0.0 0.0 0.0 0.0 0.0 0.0 0.0 0.0 0.0 0.03950828565344285 1.8143840397331938 2.8358793821868113 0.6684641395900901 0.0 0.0 0.0 0.0 0.07781373783856338 1.3979575026213475 1.047323952153392 2.2827503055635616 0.23202794365747673 0.0 0.0 0.0 0.11754448004764033 1.6071360721887435 0.07879647518070357 0.8692922234240077 0.8720369641436342 1.1918731808892886 0.15965322631397688 0.1602802622427365 0.5625249808056382 2.779980564043709 3.5952511882006397 2.107837440719078 2.6412740769448586 3.748954162047669 4.085795148005943 2.7030427867888975 1.5601700664704667 2.9643440396822234 3.053691928639119 1.9437177533427807 3.6882877126754217 3.278259015175397 2.370560792203368 4.16775918379534 3.173344229744307 1.2129540832640593 3.0610511567247465 4.199899314342421 3.8291433350811697 2.9496867864953304 0.3379269520744276 4.229124394165757
0.0 0.0 0.0 0.0 0.0 0.0 0.0 0.0 0.0 1.8180816349486422 3.0387839368206055 2.088016936250486 0.3539768377250778 1.6882258123297609 2.3910774506394166 0.0 0.0 0.2334778345762806 2.838195016255263 2.794219787405363 1.8991290104060023 0.30960352136158736 0.0 0.0 0.0 0.6661999231316654 1.7261305726713623 1.8896984951653963 2.1732234401628956 3.565289690207276 3.1802419184050055 2.9519699220931677 1.2397532084178873 3.41196296370759 3.502038602810344 2.2214422094382154 2.186539792376477 2.7204023038735694 2.0767450316561327 2.571948129437961 3.8890768169001824 4.103592548467653 3.1668186896432036 1.8139354991961731 1.5693973032716548 3.8908271805068737 2.239408814859269 1.9948883879780575 4.162974169142522 4.170954972734643 3.426644565628888 3.8515320142069687 3.648122132655699 4.074600608806335 3.3660316155996703 1.558550106028922 3.039349321760456
0.0 0.0 0.0 0.0 0.0 0.0 0.0 0.0 0.0 0.9487758446467423 1.1449210493700681 0.31533695926215655 1.4567246188711347 2.2396262754719127 0.3530672023750476 0.0 0.0 0.9752746322075283 2.8822881680969608 1.089810620675925 1.0102186557896582 0.8555202932921467 1.6729963194214401 0.0 1.368577217213996 3.644426012254061 3.538438255468364 2.4435699428523643 3.042315006228555 2.852234275728429 1.153373456703773 1.7946042270576799 3.280725968393765 3.8928104081172576 2.0519507089292004 1.453031941540413 0.4858492245787174 0.40582859755880124 1.2621519703312387 0.48948454165942124 3.5184974214338562 3.6091993997920175 2.3828912069749997 0.0 0.8259835350882289 2.3985429567014127 0.16559488686265358 1.6601933342903545 3.4101542526620228 3.374539857145347 2.127511651463798 3.5951492787922823 2.5957035805870134 3.7745674193348435 3.4013698156254857 0.2941012602697732 3.6230356605350984
0.0 0.0 0.0 0.0 0.0 0.0 0.0 0.0 0.0 0.0 0.0 0.7096678575610719 1.6541681972461435 2.280530823795841 0.35357261081692015 0.274384577277685 1.5656720530388313 3.594658318670494 2.3794750504172826 3.2351766325065707 0.8956143786956926 2.493014641800953 2.7672660329853476 1.484632199172121 2.425790053094319 1.3344311419375863 2.715475757911828 3.8672566161862254 3.5632245454853497 2.3405362267371945 0.7958227911679501 2.7534303094018613 3.0808112518012956 3.249878106091983 2.4552095739767745 2.905848929085987 0.04042086987214806 0.0 0.0 0.8565327337948662 1.4720340582063849 1.7619531619017428 2.3407538407090116 1.5232677161304384 2.7225797743253555 3.55446736954276 0.5383387222427908 3.1519305865317704 3.655000359858117 0.9151298874186631 1.334202900496551 3.255653981299286 3.5955101426800904 4.186848052117691 3.187072679847338 0.8392504016033032 1.64051034243955
0.0 0.0 0.0 0.0 0.0 0.0 0.0 0.0 0.0 0.0 0.1976735741567914 1.5406818705136298 1.2620214701959485 3.268298341426015 2.476668550948748 3.297251196596641 1.959523197973579 2.9354592142599345 0.4690381269840472 1.9148937108901345 2.0711734517878067 2.7346331696942334 0.7826892808872177 2.8586727692260703 3.8443057102008087 3.7358414732193608 3.506554600695269 3.950594192322836 3.962439669942676 2.622619146927364 2.1521553521309644 2.6373869358967954 3.202777763847072 3.0096078590639377 3.0181294783620864 3.3099457752948793 2.9126962133406447 0.08123343969078678 2.6441523637713487 3.2611025815706536 0.9815615199577155 3.1543238239630123 3.1201953812053898 3.2086379731115486 1.360454574228232 3.9654602047946343 2.0684257317172183 4.144735114796905 2.28189277779601 1.2056909274072312 0.9568210304156862 1.1679487140103564 1.6696922015629976 3.5535293491433246 1.1297940514035862 0.544969513121215 0.3779302785399087
0.0 0.0 0.0 0.0 0.0 0.0 1.813184797268602 1.8514499425254396 2.7550783793739604 1.2240800569571373 1.9800107402992821 2.8076694674882616 3.513784592001303 3.3512080984488963 1.535329805884423 2.751476226844688 2.6303978711571148 3.5306488749849625 2.1171152182578075 3.9166523147460297 3.9158192891883425 3.9167883027865433 3.880582170347061 3.9246764147744027 3.498602012663752 1.7718355744621346 1.0644803258186313 3.5206793848079614 3.9664255686727676 2.5447092562193405 2.7533638257096067 1.8002646232733506 2.166865324193445 1.528326477118293 1.0489815696150304 2.7445068527802965 1.6986935649060322 1.6636735243737577 1.5045716056657217 1.6712952598484796 1.5525675309713656 2.3747262572278554 1.887571655170613 3.8655297282539323 2.9249405944056823 3.3431961376631962 2.3157948770592123 3.893015176776232 1.6591046120222785 2.075752622696339 3.7411745289863196 2.6637678094382995 2.2510353032481865 3.0470136123345197 3.551063245342304 1.5899954750381187 0.041880701659118315
0.0 0.0 0.0 0.0 0.0 0.2369268026851628 1.5786497786462088 3.6269418398429747 3.9394700642642526 3.241409737749379 1.42711803184183 2.1781208508586034 2.3729249183306313 0.9088153906640754 0.0 1.220467348307335 2.0459942375298397 2.358360299971481 3.652738763612306 3.926073442064987 3.9256323895822303 3.926737846388445 3.929507592651684 3.776451606601747 0.5511509738024258 1.972437865078673 0.4342539141418232 1.7434814241176773 1.3889999148136722 0.5568628142840373 1.1976581723307296 0.56063326324998 1.725599106119175 2.97886621961966 3.793786789790593 3.479381808204225 0.3647560833665052 1.2991977914239001 1.625580873643071 0.040800272069255655 2.0836099540806603 3.6431856195598615 2.3378934707772956 3.658028938682 2.7173011897069195 2.598233480759087 2.437813535251503 4.096536104214727 3.480866515941484 1.9910775777605563 2.9479295958698253 0.3740517383653082 1.5809594175096995 0.7500550021551261 1.4594862173916705 0.0 0.0
0.0 0.0 0.0 0.0 0.0 0.6324832645638276 0.9475812760048183 1.894361188987733 3.66803281219835 3.3251616796349475 2.5749710787856404 3.409471298672087 1.504634540182086 0.1581824752137732 0.0 0.0 0.433474177694378 3.5846497395704278 3.818637428574739 3.9352996580420188 3.935105529746984 3.9362552573731153 3.938830385334058 3.784931577590078 0.5915961360717035 0.5925805724594149 0.8303764053767815 0.0 0.0 0.0 2.996930395173562 1.3209408342393933 0.8431245449168617 1.6513044453898233 2.3821841212734998 3.560962497215863 1.7844675384200426 1.9077181668229812 2.276535941119761 1.0598386543591678 2.286823349875146 0.9414545699668773 0.08195931113525196 0.0 0.0 1.4429345638113324 1.1565672296564609 4.093147050933227 3.1051232727452667 1.782237449550876 2.5730565111092645 2.9475577556017063 2.1191473144985267 0.9570001478935338 0.1249381424140917 0.0 0.0
0.0 0.0 0.0 0.0 0.27791100417315084 0.8733549480684799 0.8730265639232906 1.502546001790836 1.5402667009660793 1.5066951261320654 0.15846176681212734 0.6348556514627002 0.0 0.0 0.0 0.0 0.0 3.315584221474249 3.9453831589721484 3.944256860502156 3.9442032186363836 3.945330455783536 3.947700268934125 2.3699845680568266 0.31645607898009886 0.3166087794407651 0.0 0.0 0.0 1.9554248067361955 2.158556800235003 1.7634791059231527 1.5266114987286785 0.9669353322911259 3.2700526728733483 1.1742672245336192 2.5553645771566864 1.907443014407818 2.7650126298879307 0.8555400010720304 0.4083035133680031 3.3962330586646474 1.311679996829021 3.120654143471128 1.274805791103763 1.6890792965102013 3.135298402999929 3.718210959822624 2.233290851390024 2.4017211630416693 1.0777032540863374 2.156640842453411 2.5729891750946683 1.8266368657470498 1.371020806005045 0.0 0.0
0.0 0.0 0.0 0.23882804302971722 0.5969760614338101 0.5562215604707363 1.7877787695850018 2.103732941994282 0.15864398026964668 0.0 0.0 0.0 0.0 0.0 0.0 0.0 0.0 2.6102463703991723 3.558117985074476 2.450207986419126 3.5572862203159046 3.9539562107483692 3.9561080931327326 2.850192717077491 2.6924137460896835 2.1792115846597038 0.0 0.0 1.036757235324292 3.913255794236479 1.7601190756568308 0.28106468111058924 1.608593209130337 2.4170393906875107 2.464256720763002 3.926928381804913 3.0423959243790604 0.9733432076426971 1.5049340540493967 1.099799132858647 0.20432512660660523 2.0862986916299966 0.491798806957791 0.9854905800025687 2.4251464626123145 1.8947125924385806 2.679863259060835 2.4359116039457573 2.479230669176981 0.496648714852964 0.41405764797223654 0.29017764282535075 0.5390560568576765 2.4465483469617877 1.2862268623467448 0.0 0.0
2.0754385930926986 1.5959835016627961 0.5185543374264373 0.3988372151699128 0.7568589907758615 0.0 0.23852771548168183 0.3577735995748953 0.0 0.0 0.0 0.0 0.0 0.0 0.0 0.0 0.0 0.5148404446019639 0.9109007821756869 2.534680599247728 1.8612631720306454 3.327766190267979 1.9018555877783219 2.894634291838194 3.7270648315014396 1.6267389716522482 0.0 0.0 0.07982338859946031 0.19971817145279552 0.0 0.08037582126221662 2.1719659857818217 1.0879095922678366 0.4850560332353807 1.2956887663047205 1.5010928398858927 0.0 0.0 0.0 1.7154304613641826 3.8039382831021546 1.842969995305912 0.0 0.04110246921333295 1.3586151128861492 1.9772379123945472 0.0 2.147174843812855 1.1564825052864594 0.0 0.0 0.0 0.0 0.0 0.0 0.0
3.995834666570097 3.9947147364717837 3.9534064752161484 3.473082939681542 1.3571814341445778 0.1595125154072745 0.0 0.0 0.0 0.0 0.0 0.0 0.0 0.0 0.0 0.0 0.5169546923993903 1.9867556842133993 2.7795706845562616 2.540237976381203 0.9927795829486188 2.382775455767805 0.4768375184328528 0.7935764411679989 2.3030525686151866 1.3513958703639055 0.039859886910912155 0.598082672649767 0.0 0.0 0.0 0.7628399114117692 0.20103987508658544 2.137910395329979 3.3547660899763336 3.2800472709480046 0.0 0.08126216754294313 1.2609283606538866 0.6116535537298211 2.286466471044229 2.044857262747689 1.1057954895588362 0.3282046581433236 2.588359148715076 1.56303649011636 1.0706450310747289 2.9677311340665957 2.9701592642544803 3.756227595565601 2.6012221596590357 0.0 0.0 0.0 0.0 0.0 0.0
4.001789459778416 4.000795876743453 3.47938043189402 3.558009606537222 0.7589273143419397 0.0 0.0 0.0 0.0 0.0 0.0 0.0 0.0 0.0 0.0 0.717711440108502 2.6680788315200505 1.1539093089938923 3.9781729308487552 3.976806454962765 3.0222101456262167 3.261018427965636 2.0284922482544068 0.7952280304249598 2.5854029370343468 1.6324847318674358 0.7176651467783608 2.11502749946624 0.0 0.0 0.7626321410890948 1.1246972621183804 0.0 2.9470002809242635 0.8892505908753336 3.2854171379922668 0.44687913014623926 1.2215043384100688 3.9900522765975777 3.0564619098813846 0.7758964742054439 3.7214313902111655 3.4813425494986707 0.9840655716090594 2.4227081795698586 1.2748967856549762 3.3336401215403004 3.1305022148827004 1.813475887779001 1.814416808029797 3.423937699233933 1.9388405769082948 0.0 0.0 0.0 0.0 0.0
4.0081033653946445 4.007233645133357 4.006069259619486 3.5642952589927552 0.0 0.0 0.0 0.0 0.0 0.0 0.0 0.0 0.0 0.9988229462776219 0.7986923722914286 2.2340524020832477 1.2368963332391676 0.07968207475527839 2.4302237929857338 3.983757908587786 3.9829797769586843 3.305665339529585 2.74908824600681 0.11934080090614357 0.9555909553786105 0.7972616540455542 2.2349315145441877 0.6394371567193367 0.12002893157230979 0.0 0.0 0.0 0.0 0.7681535374719232 0.04045779208693854 0.24359590145294718 0.04061921994440111 0.3668809786852071 1.6322654809157164 0.7747938833208043 0.3676418999975073 2.53514699416818 0.08194499610630887 1.3122409087025857 2.052533055726874 2.2609548928032086 1.6455648954679363 2.9229230356915665 3.047797213902045 0.8237526068381986 0.2471173549674624 0.1236716075880033 0.0 0.0 0.0 0.0 0.0
4.0178227254607854 4.015661715596503 4.0133763484788565 1.804824185152082 0.0 0.0 0.0 0.0 0.0 0.0 0.0 0.0 0.28030483547089025 3.240781512726737 3.2378492040657556 2.0368485235734943 2.5958428573103083 1.9177777757577812 1.198013817602106 3.3120443345365103 3.311048766689709 2.75208902022823 1.9943610157279072 2.1151600036147844 2.552261937154163 2.354515729952662 1.9180904549040594 1.2000786794707148 2.2847871581228896 1.4849517119316296 0.0 0.0 0.0 0.0 0.0 0.0 0.0 0.0 0.0 0.0 0.0 0.0 0.9831430882211204 4.099700564234481 1.1488212651973586 0.2465581884138689 1.8915487941671714 3.291540884533753 2.798847588160459 2.181448953211876 1.358037212143273 0.041133724174220405 0.0 0.0 0.0 0.0 0.24552201320927317
2.978123285559149 2.1327655206789458 2.8566481310330007 0.0 0.0 0.0 0.0 0.0 0.0 0.0 0.0 0.0 0.2804971664629884 1.3619231524124078 2.922836180663187 1.1197769348645301 1.4398929440847545 3.5188168181635135 3.9980261326332642 3.2366989502079675 2.4765778769642224 0.239586691897176 2.676636326402078 3.675906919972557 0.519448625818759 0.07997941226820135 3.68036523196841 3.1239828562174745 1.4841279738343882 2.8923071869452444 0.4826097835710881 0.0 0.0 0.0 0.0 0.0 0.0 0.0 0.0 0.0 0.0 0.0 0.8206560797184823 4.101937397732743 2.625853193519586 0.7394311498166997 1.561817913888383 0.9047309352190931 2.3443131212148494 2.05690411851614 1.4395993477575277 1.1099173624390128 0.0 0.0 0.8191857701697853 0.0 2.1243487586498615
0.483956243679961 0.5641644571626395 0.8863952880425419 0.0 0.0 0.0 0.0 0.0 0.0 0.0 0.0 0.0 0.28120387267362346 2.207640392834091 3.328775122429076 1.2026782759695847 3.123302490914168 1.5608207276048438 2.561650518052674 1.2801995861183713 0.039983600844286274 1.3994757310795358 0.7995112533212057 2.9203874852002274 0.040029238774073536 0.0 1.2406630377372043 2.8861561271454894 2.7286517756380366 1.3666173782752418 3.3005556078479135 1.6118766325404976 0.0 0.0 0.0 0.0 0.0 0.0 0.0 0.0 0.0 0.0 1.7240363608082896 1.4375757429757323 0.041014895802080946 0.0 3.205178815661605 3.452811972248751 3.86434617806648 1.027368172691565 0.0 0.0 0.204880422842303 0.0 3.8027010025253114 1.5916045995540598 2.7295293516610957
0.04036666158912628 0.0 0.0 0.0 0.0 0.0 0.0 0.0 0.0 0.0 0.0 0.0 0.0 1.6882009108700244 3.6553245759421067 2.3282925164757957 2.4060384064894227 3.206114555064966 3.0440306994114175 2.7223316396130652 1.8412405908453116 2.521767943585498 2.602424969835087 1.4011618137093587 2.6036297280372525 2.3244596190143674 0.12028667709222696 3.7296972167683813 2.850740930767745 3.45748200895666 2.778330876908881 2.2977488195140037 0.0 0.0 0.0 0.0 0.0 0.0 0.0 0.0 0.0 0.0 3.1180713300683967 3.408592329134041 0.36990738660237643 0.04115148752266394 3.042688712817049 2.0547315541351874 2.095821118136131 2.1774055919219775 0.041030961476400916 0.0 1.3512689678156788 2.8613108134369956 4.080651660687539 4.072602790980948 4.06425279779208
0.0 0.0 0.0 0.0 0.0 0.0 0.0 0.0 0.0 0.0 0.0 0.0 0.0 1.0865603077590404 2.9768453212516213 0.6029169556301549 2.6504313417177165 3.6510405493265075 1.965301613118231 1.8443883438874271 0.04005264871881731 1.883096984753042 3.7662705157676446 3.125609648596127 1.6836247860856892 0.7619662845310459 1.3640749352385066 2.1261817927994504 2.4904606993705416 3.9811795635051337 0.7245447632780588 0.0 0.0 0.0 0.0 0.0 0.0 0.0 0.0 0.0 0.0 0.0 0.2461680460769008 0.4926110969173179 1.2326660985372346 3.4550547148427797 2.0986753416105373 1.4397126698163083 2.096482176619566 2.0937702980073167 1.6000386169131255 0.2045927526849275 2.8207285117083756 4.040107912980096 4.071910736527205 4.062257152680098 4.052347772499998
0.0 0.0 0.0 0.0 0.0 0.0 0.0 0.0 0.0 0.0 0.0 0.0 0.0 0.0 0.32217176346444465 2.6570282198664077 1.648077662222751 2.6112653051933044 3.413079385718985 1.4044558684879562 0.8022954812841925 1.7243877576106446 1.5637735238393236 0.7617844818490482 3.0880742471633384 2.1663610875302695 0.0 0.0 0.8439671398988325 4.021906252969852 0.523243458492873 0.0 0.0 0.0 0.0 0.0 0.0 0.0 0.0 0.0 0.0 0.0 0.0 0.0 2.3417538469208306 2.220109454781859 0.28796358555628176 0.0 1.1105583620809656 1.6431477870903277 2.2957835109208387 3.7234865801123838 3.879747348839558 3.625660662987101 4.022328964342759 4.051454781651876 4.039822214894296
0.0 0.0 0.0 0.0 0.0 0.0 0.0 0.0 0.0 0.0 0.0 0.0 0.0 0.0 0.0 0.6847808918490608 2.0941423532386483 1.6896039919095989 0.20097735753170753 1.325409282055962 2.48961701101676 0.0 0.0 0.5615780779737398 1.2837447061030378 0.5215786040738755 0.0 0.0 0.0 0.4424176579664202 0.04024601652353569 0.0 0.0 0.0 0.0 0.0 0.0 0.0 0.0 0.0 0.0 0.0 0.0 0.0 0.0 0.0 0.0 0.0 0.0 2.3415508348947673 1.0254601078461767 3.026783741453187 0.8573803701196304 0.2032996423900627 0.16231110159448853 2.4235048824800054 3.867716364252592
0.0 0.0 0.0 0.0 0.0 0.0 0.0 0.0 0.0 0.0 0.0 0.0 0.0 0.0 0.0 0.16126478566664432 1.6524086172893737 0.6847344590596011 0.0 1.085746622105508 3.014044357030862 0.7231073556316414 0.0 0.0 0.0 0.0 0.0 0.0 0.0 0.0 0.0 0.0 0.0 0.0 0.0 0.0 0.0 0.0 0.0 0.0 0.0 0.0 0.0 0.0 0.0 0.0 0.0 0.0 0.0 0.0 1.3118413074216009 1.1037338016630824 1.1819929267993448 2.3120981042620725 0.4044788051364568 0.4425335778501039 0.201268379660426
0.0 0.0 0.0 0.0 0.0 0.0 0.0 0.0 0.0 0.0 0.40635545896930647 0.0 0.0 0.0 0.0 0.0 0.0 0.6053055464351382 0.6046614001634935 0.724151944978974 3.055793157559862 1.3261853746861219 0.0 0.0 0.0 0.0 0.0 0.0 0.0 0.0 0.0 0.0 0.0 0.0 0.0 0.0 0.0 0.0 0.0 0.0 0.0 0.0 0.0 0.0 0.0 0.0 0.0 0.0 0.0 0.0 0.0 0.6525678828401454 3.743190274118991 3.4050613478138883 2.2178057634716306 2.169651235478344 0.0
