agricultural_afforestation/data/test/aa/txt
ncols     198.0
nrows     203.0
xllcorner     857533.25
yllcorner     4277182.625
NODATA_value     -9999.0
cellsize     1000.0
[rows 145 to 173 of 203, columns 64 to 127 of 198]
0.0 1500.52879875 3551.51798263 7389.3371866 3974.45890137 274.64060933 0.0 0.0 0.0 0.0 0.0 0.0 0.0 0.0 0.0 0.0 0.0 0.0 0.0 0.0 0.0 0.0 0.0 0.0 0.0 0.0 0.0 0.0 0.0 0.0 0.0 0.0 0.0 0.0 0.0 0.0 0.0 0.0 0.0 0.0 0.0 0.0 0.0 0.0 0.0 0.0 0.0 0.0 0.0 2910.83471602 6658.44981456 7912.93934137 8890.83166266 10702.5029671 1390.27295231 9599.89272388 12664.4546039 13920.3305139 13922.8499597 9050.00385287 5430.44826388 7519.53621195 3898.7212892 2227.73788706
0.0 0.0 3415.93472441 2052.0273481 3427.55282721 5903.50413696 0.0 0.0 0.0 0.0 0.0 0.0 0.0 0.0 0.0 0.0 0.0 0.0 0.0 0.0 0.0 0.0 0.0 0.0 0.0 0.0 0.0 0.0 0.0 0.0 0.0 0.0 0.0 0.0 0.0 0.0 0.0 0.0 0.0 0.0 0.0 0.0 0.0 0.0 0.0 0.0 0.0 0.0 0.0 9005.029126 10950.6984099 2358.18454517 7078.70028927 5139.25025636 2778.93965183 11537.4272042 5979.65588052 13909.9246999 13912.9570709 10575.8814972 3061.32916992 7377.33959437 4175.33914057 12109.0267167
0.0 0.0 3004.85806841 5471.46570551 4386.51567129 2196.17627842 0.0 0.0 0.0 0.0 0.0 0.0 0.0 0.0 0.0 0.0 0.0 0.0 0.0 0.0 0.0 0.0 0.0 0.0 0.0 0.0 0.0 0.0 0.0 0.0 0.0 0.0 0.0 0.0 0.0 0.0 0.0 0.0 0.0 0.0 0.0 0.0 0.0 0.0 0.0 0.0 0.0 0.0 276.754281152 9828.4484915 13851.0951814 10395.2479988 10263.2284385 11101.6497701 8885.90547328 12223.9088407 13339.9688906 10563.6585842 8759.72701342 5701.5981832 6953.73291537 0.0 5286.50452526 6260.8132401
1088.23151538 0.0 409.960815558 1914.94717789 0.0 0.0 0.0 0.0 0.0 0.0 1104.70506161 0.0 1244.58064381 4011.70923787 5398.30565982 3599.38138813 2076.79967809 0.0 0.0 0.0 0.0 0.0 0.0 0.0 0.0 0.0 0.0 0.0 0.0 0.0 0.0 0.0 0.0 0.0 0.0 0.0 0.0 0.0 0.0 0.0 0.0 0.0 0.0 0.0 0.0 0.0 0.0 0.0 0.0 5257.17729855 13840.8837764 13850.1984807 9701.08535511 7488.58203883 13180.199438 7495.15052577 13885.5691693 7084.64820106 4168.11222287 9033.51190833 5420.45049937 0.0 4310.38165012 5005.84067243
135.972652694 0.0 0.0 0.0 0.0 0.0 0.0 0.0 0.0 1792.02244865 4829.56594549 1381.25491281 10917.7475155 9954.97174478 6362.89249845 9270.64789419 8165.49259629 3183.02766702 0.0 0.0 0.0 0.0 0.0 0.0 0.0 0.0 0.0 0.0 0.0 0.0 0.0 0.0 0.0 0.0 0.0 0.0 0.0 0.0 0.0 0.0 0.0 0.0 0.0 0.0 0.0 0.0 0.0 0.0 0.0 1521.03316806 12034.026216 12595.2201281 13017.7823083 8175.39293407 4852.29628808 6935.7723311 2775.8292812 3609.3964357 11385.767109 11388.6235808 9029.17482848 0.0 4725.29847237 6809.83751419
0.0 0.0 0.0 0.0 0.0 0.0 0.0 0.0 6333.0598874 12263.4978077 8550.03128603 8970.68289505 13395.9273286 12987.8039866 8708.53264189 10508.6129608 4288.05672206 2074.82766347 0.0 0.0 0.0 0.0 0.0 0.0 0.0 0.0 0.0 0.0 0.0 0.0 0.0 0.0 0.0 0.0 0.0 0.0 0.0 0.0 0.0 0.0 0.0 0.0 0.0 0.0 0.0 0.0 0.0 0.0 0.0 0.0 0.0 415.15795216 2768.87616718 4432.22983417 12330.4679386 6652.81063841 1248.08106098 0.0 2637.02360906 2914.61401809 2082.20292744 4165.34152776 6943.45077731 9028.31690273
0.0 0.0 0.0 0.0 0.0 0.0 0.0 1787.14239527 11418.8495488 12117.6197364 13092.8682431 9791.25667595 10626.1556891 12841.316163 4834.91614705 6909.42184168 10227.3528272 7463.65827387 967.4846003 0.0 0.0 0.0 0.0 0.0 0.0 0.0 0.0 0.0 0.0 0.0 0.0 0.0 0.0 0.0 0.0 0.0 0.0 0.0 0.0 0.0 0.0 0.0 0.0 0.0 0.0 0.0 0.0 0.0 0.0 0.0 0.0 0.0 3042.26490651 9134.77459886 12876.9311586 9696.64366985 4572.62362243 5406.71661037 12064.971334 10264.9767671 6938.15909256 9159.74016027 8884.17576981 12079.0688647
0.0 0.0 0.0 0.0 0.0 0.0 411.805798518 5494.70103631 3849.38623579 7157.32533783 10193.1208591 13094.3754743 9654.1180093 9245.24676701 3037.41356204 8285.85362073 4420.0099979 2210.77988943 5802.8599374 0.0 0.0 0.0 0.0 0.0 0.0 0.0 0.0 0.0 0.0 0.0 0.0 0.0 0.0 0.0 0.0 0.0 0.0 0.0 0.0 0.0 0.0 0.0 0.0 0.0 0.0 0.0 0.0 0.0 0.0 0.0 138.116478882 8150.9848119 12164.8577595 9682.00969376 12315.8055779 4984.48333049 11634.4024893 7482.8206982 9425.68969954 13032.6534867 3050.60026373 10818.9050856 7907.68371482 9852.12308997
0.0 0.0 0.0 0.0 547.53701265 1644.17683441 8642.08414292 9747.98182908 10032.9255061 11828.8340903 8535.61051337 10744.1857981 7993.56998098 2206.26960449 0.0 0.0 4969.42871834 2346.41350547 0.0 0.0 0.0 0.0 0.0 0.0 0.0 0.0 0.0 0.0 0.0 0.0 0.0 0.0 0.0 0.0 0.0 0.0 0.0 0.0 0.0 0.0 0.0 0.0 0.0 0.0 0.0 0.0 0.0 0.0 0.0 0.0 0.0 828.806123454 10362.2413929 11612.3514164 12033.410448 5396.14592323 9274.91585183 9694.08104177 11082.1273683 9006.89552101 2356.32718838 7624.94830634 6516.70530921 9985.08024376
0.0 0.0 0.0 0.0 2327.1685768 4245.31829131 11382.1867023 3842.40054 6732.4642184 9072.889636 9218.7095321 3717.25222286 4270.10381137 0.0 0.0 0.0 689.842522594 7726.57357357 1103.85574966 0.0 0.0 0.0 0.0 0.0 0.0 0.0 0.0 0.0 0.0 0.0 0.0 0.0 0.0 0.0 0.0 0.0 0.0 0.0 4670.70983568 0.0 0.0 0.0 1648.4297284 4396.43954253 0.0 0.0 0.0 0.0 0.0 0.0 0.0 4003.19102928 11049.1915587 12297.6813539 9539.05973736 7744.83623231 11899.1504258 6644.42058877 7615.44794704 11495.5849546 3601.44636205 7066.84058007 13859.7601815 10257.6368131
0.0 0.0 0.0 0.0 1916.05062596 4519.43643021 9322.51200022 8917.87553791 4118.93737647 8108.51058616 11963.5076222 8530.02055655 7570.66550664 5921.53508918 5373.1028947 6339.41506718 6617.25436767 7858.95537577 965.359507202 2757.97265724 3171.85181181 2758.02796254 0.0 0.0 0.0 0.0 0.0 0.0 0.0 0.0 0.0 0.0 0.0 0.0 0.0 0.0 0.0 0.0 7280.08162704 9751.52032587 412.007759738 5768.31214838 7829.71850532 9480.4762885 1374.27397161 0.0 0.0 0.0 0.0 0.0 0.0 4691.38129038 12286.408944 4557.18608599 7461.85472658 12717.7570882 12584.9329879 3181.80146314 1799.35834496 13151.3500509 13847.1142668 7894.88295939 12191.1721073 12470.4511722
3404.18668524 0.0 0.0 0.0 0.0 0.0 137.110356152 8092.39080808 5214.78655152 4533.85547581 10170.692353 9214.12671246 10457.4673794 5230.67733552 6472.13283245 7713.59412597 6476.01335348 3445.57576574 1791.40199666 7168.09583811 1792.43972163 2757.38154689 3032.45224585 0.0 0.0 0.0 0.0 0.0 0.0 0.0 0.0 0.0 0.0 0.0 0.0 0.0 1786.16551344 2610.13197035 5768.86958611 1373.43297228 2334.74434718 11399.4986717 8379.40446509 1511.20123977 0.0 0.0 0.0 0.0 0.0 137.801770566 8271.79445168 10205.9966272 7314.55483105 8283.33323171 4973.17619407 5251.43713896 7879.73343358 8296.29797804 0.0 4289.9029382 13840.8705635 11628.8240665 12739.3521609 11910.8660277
4222.51138265 0.0 0.0 0.0 0.0 0.0 0.0 0.0 1646.50840443 8650.05450901 7281.01783345 8796.28432706 4812.58121564 6465.6254556 4129.35070262 8948.65205988 4406.24456197 5371.61064593 6612.56498134 10194.4001234 0.0 1653.11547472 3857.86816516 0.0 0.0 0.0 0.0 0.0 0.0 0.0 0.0 0.0 0.0 4261.32826002 3298.61772872 1786.25571341 4671.47512298 11263.9511556 13597.5479322 4120.18415842 5081.53169305 13597.2821937 12500.3846647 4945.95734751 0.0 0.0 825.244861782 3989.92942883 688.11466629 4959.61786587 11852.5411319 11030.662992 6483.05525939 7452.13063183 5108.83056632 6077.36511342 13264.8839748 8846.45590119 691.31155616 5946.78912918 11344.5187755 7196.43175736 11488.6879953 13844.2141539
0.0 0.0 0.0 0.0 0.0 0.0 0.0 0.0 2743.90847462 3843.19286476 2883.05079062 4534.170069 10445.9010415 10175.0324364 1787.87855576 9356.43468738 137.64760564 3854.62596111 4681.09096863 9225.32691691 0.0 1652.26829404 1514.95022345 0.0 0.0 0.0 0.0 0.0 0.0 0.0 0.0 0.0 4673.49766412 7421.76279111 9756.71017109 0.0 7143.02110839 12636.411471 13734.0514603 12634.74359 8240.13067596 9339.39946449 13324.4105053 7831.0562382 2611.15463117 7836.1526259 9214.37044537 13757.2729284 9220.46963835 7022.2600638 5786.88578743 4548.52210639 13790.3104483 10622.4882469 11593.6512859 1104.52106065 9530.9090308 9809.57217364 10090.0766234 13825.5024546 13829.2783749 7054.63425216 1660.25640217 13285.1404051
0.0 3273.59200237 1228.12654596 0.0 136.768812552 3009.71922161 0.0 0.0 0.0 2743.80458927 9883.39773999 7277.70376152 5084.12078083 11407.4408737 4812.53518273 7151.51272347 275.081813312 6741.8097073 9495.051349 8257.32488254 2476.9095779 3853.72140428 0.0 0.0 1926.44963624 687.82787162 0.0 0.0 0.0 0.0 0.0 0.0 4810.32964882 7695.31227012 10304.318441 10989.5185211 13598.0105331 11674.0176822 10437.2739414 8102.43791848 12085.1362175 8240.48199348 13461.3940771 12639.5049322 7970.04112595 11821.5995088 7699.91492244 13342.4264483 11007.746531 3440.89857664 2066.59290984 11300.4871769 3446.48225829 10895.8138533 8967.48742455 5659.457626 11874.3890544 11463.807271 3177.70961758 12991.1253596 13823.9039109 4148.08957068 4979.19135741 8853.86303051
0.0 0.0 0.0 0.0 3281.9084364 8618.45380768 0.0 0.0 1645.26392016 7953.60702886 3979.36915513 13040.4650272 2883.38384874 3022.30344769 0.0 0.0 5224.67908779 5225.01818551 5914.31322541 9078.03000334 10042.6374321 10455.5495878 2476.14577651 0.0 4402.4826576 3439.1552074 0.0 0.0 0.0 1786.73569929 0.0 0.0 4946.20515097 6319.37414393 3983.44780928 13735.0131676 13733.6566864 9338.25145258 3707.62117408 549.276708424 11947.3239883 2471.97823994 5356.98445567 8654.89177625 7969.74199196 12507.4825021 7837.0267459 12652.6046668 12794.4320422 8669.63836275 5781.80444795 10883.4686101 13368.9652266 13787.7260991 8965.53377668 8277.94985046 6072.94039725 7318.08274378 10219.8315952 10913.7714432 12160.7973013 10504.4284024 12580.9720388 10647.3842935
0.0 0.0 0.0 0.0 1093.75964616 4103.37289834 7253.78204357 2053.77355474 137.044689902 10282.1393098 3154.27519031 9194.13739522 6450.81462559 0.0 0.0 0.0 2198.6550341 2748.84888721 2749.28727371 7011.93076679 7562.60449507 7287.94344559 6463.66654991 0.0 6875.5833419 10313.1401248 412.44926343 274.83201948 0.0 1511.71042604 0.0 0.0 2197.96918996 12224.783157 4944.36575831 8651.69095341 11397.6117457 10984.9175407 9886.28581782 5080.40559955 11397.2681093 10162.2502774 1373.55393809 10715.0239436 12640.6628744 9070.31991552 11684.7884354 13750.7880279 13755.0136053 13759.394027 13488.5697969 12668.8611245 13778.9661755 12956.9489229 11858.0641152 11310.7233741 8968.24173022 13250.2220114 8560.09650491 13810.3065405 13813.9232284 13817.2890269 12300.2454634 6635.63008874
0.0 0.0 1092.19023497 1093.10774699 8200.13513198 1778.3278104 4242.03773376 2738.07154059 0.0 5482.40141625 274.216713128 0.0 2607.39546256 0.0 0.0 0.0 0.0 961.84619151 2610.45560535 7420.95492039 8658.42005053 10858.3353485 6048.12946666 137.44835738 9210.24491649 10172.1213611 962.275535476 8380.83231992 2335.29142657 0.0 0.0 0.0 0.0 3158.56830084 8650.93262209 4805.895715 8787.25421409 10709.1255669 4118.81900354 12082.3127515 9748.8919037 9337.7326368 9476.25752933 4944.94740616 9754.24262378 6596.01479637 10033.9375182 9486.71278378 6876.68276556 10455.0751063 4678.61650257 2753.36600582 13223.3743726 12678.1429476 13784.9919857 8273.31320596 7862.5104628 10073.0556199 11869.4073096 8145.60946965 11047.7292946 9806.53700131 967.212421418 10778.2521909
0.0 0.0 4505.43397472 6145.92725104 7653.32020438 0.0 7662.49891445 8897.46071604 1780.01809863 274.060168186 0.0 0.0 0.0 0.0 0.0 0.0 137.266946252 2059.73387512 6729.35841004 7142.74562146 11813.9931445 7006.37532711 10167.8030745 0.0 9618.2368221 10579.6602835 4121.57494145 137.36205723 2747.05987165 0.0 2883.55071045 0.0 1235.69050632 11533.0981197 7276.73674089 8649.06302606 11531.5614315 9884.15719309 12767.1602401 13728.6735418 10434.382131 7277.33000428 10711.4554363 10987.7371137 8242.19355502 549.60850742 9208.06322948 12234.3798383 7149.68743059 6739.45833787 5502.82327224 3990.53171546 8672.39427896 5786.28398629 6615.43349396 10339.2438518 7997.63359326 9517.94553922 12969.9295886 12973.2746675 9801.20752906 12841.3996343 2623.73495916 11604.0936915
0.0 0.0 1228.904689 6282.94019361 4099.90412367 0.0 0.0 4790.57186602 3833.65329451 5752.39438581 3699.20720462 1644.4923788 1782.31888484 5347.86549833 1508.61179922 0.0 5763.6988583 3842.96832676 8785.57044406 5079.83515764 13594.4045806 5905.35306289 3982.76347769 0.0 8515.92382459 13735.1483334 7691.57417799 0.0 0.0 0.0 686.51228195 0.0 0.0 3294.5267448 5902.32249869 10980.9756408 13726.2000426 8921.92598061 12491.1957749 6451.88333437 6314.98083892 13729.5906641 11396.949702 9063.98829386 6867.60797647 7281.46238009 3984.89126897 8247.09951807 7148.93932288 11001.1818828 13755.0161073 13758.6365317 12523.520497 12669.5636337 5511.07828276 13644.2768544 11028.6828678 13376.2719978 9517.20215838 9244.50004643 13248.706709 13803.8168506 11873.855958 8561.94248132
0.0 0.0 3822.82035348 5326.65471979 0.0 0.0 0.0 4789.13234936 3833.26957173 2738.87178881 3698.61449687 6850.74733783 6715.79533456 9596.5599482 1233.94838987 5485.70636046 6447.43659257 12073.1909162 8645.08802093 9881.50297602 13314.3040082 7549.85362903 2196.78657263 0.0 10709.4641718 9611.52443779 8649.66425391 2059.126789 0.0 0.0 0.0 0.0 0.0 0.0 1372.49696023 5764.22770481 9332.56086406 12763.7838357 12627.030269 7960.82995398 11530.4097826 13728.1782809 8375.20533311 10436.0705571 7004.36536494 11126.5488241 5770.21348206 9757.11051728 5773.12466522 8386.62543129 6876.39060763 12655.1785786 12520.9092425 13763.1340885 6473.64742501 11436.5783683 9648.05595042 9237.27508048 12411.0966328 7723.69648325 7036.52749656 13661.7340876 8695.33781676 9111.16769681
0.0 0.0 682.643181276 6146.39301526 0.0 0.0 0.0 5472.19824433 0.0 9172.56315721 3834.38791243 11506.4232728 10686.8591385 1781.50383262 6030.92071639 9732.8737679 7952.72807372 9737.4203252 10836.5172806 12758.8066447 11525.6043413 5077.82983479 0.0 1097.91412139 11529.3311787 8646.80924054 13313.6359893 6725.35738242 0.0 0.0 0.0 0.0 0.0 0.0 4665.3335307 7547.22260119 6723.88024905 1921.08370162 7136.13186949 9744.24434485 10980.1085348 8510.6642383 13728.3227407 12220.0091857 13732.4582447 11949.4401017 12913.2801331 8793.63638947 9620.38326494 10447.1258322 12924.591793 10864.3807584 8528.73988674 7842.93532992 13766.5744145 9229.2460428 0.0 1240.64358089 9650.32270854 6619.20699813 1793.10617436 11450.5424845 13660.6488733 13663.3627446
0.0 0.0 0.0 3414.81408482 3142.54793536 3417.3530894 0.0 4514.48625394 7799.62414097 4106.41372596 7393.41356084 12187.9903199 958.832762896 7808.56230843 9727.75390804 10277.6065018 10142.3708388 5620.87613511 6306.96776803 7816.69669473 9738.26761309 2743.2010515 0.0 2881.3976947 10016.4659862 11662.7292868 8232.71722896 9467.08240165 5762.11340789 0.0 0.0 0.0 0.0 0.0 3841.41297596 11524.3532601 8780.83714649 5076.72311225 4527.89829431 2744.55409521 11939.5600408 12627.0873403 9883.10508426 5491.36726343 13730.6999288 9887.84349119 11400.3117641 9753.84593545 10992.6647281 12232.0024922 11959.6444353 11137.2557322 6051.18215357 12380.3759133 13758.923573 10740.5121953 3443.63215705 7440.63703311 12266.3046735 275.660743522 3171.42238268 5516.62055513 2621.10500521 9658.35578919
0.0 272.908313058 0.0 3414.97297846 12023.5499216 6150.8400364 0.0 3829.94251772 7387.49306337 136.872127322 3559.10575274 5339.37710335 2054.11511962 7395.74829884 4794.25485964 2054.68990179 3014.49169165 6166.6692452 9869.14802589 12750.0559421 4935.95226923 5347.93219851 0.0 1234.26525306 9052.52242896 13716.7057499 12070.937894 13716.6897968 7955.76485585 2743.10165775 1920.0404015 0.0 0.0 0.0 1508.91027664 10699.3467844 7956.25014144 12483.8191126 13719.4721431 12760.0593183 13721.8152861 12488.1550333 12352.3648098 12903.2449919 10845.6806842 12220.5753538 4120.17741875 11401.0931739 10990.8607984 13741.4088201 13744.2020743 9760.07072461 11412.4726359 5501.12489791 11142.1579802 12524.3847541 13771.7784551 13776.0094933 10472.3733147 9234.3326056 13785.3995996 12547.3434832 11032.7947842 11448.998117
9549.61834017 8733.83238345 0.0 682.986769824 8743.80944472 5057.14053394 2323.88077252 3282.10740132 9438.79038616 547.236318326 5474.22543579 2737.57329173 2875.07369366 0.0 1095.5581043 6847.83652448 3698.25535396 6850.6179889 8359.41005903 13020.3917781 9732.52696279 9322.22299763 0.0 8638.08807733 6582.15319325 11518.6468099 7679.16263635 5348.32825455 6033.37942322 9735.21700507 8775.22096122 9323.03499796 9733.85291988 9599.19123326 12891.3489384 10149.2246332 10286.8022569 5761.03078436 10836.805919 7957.02746339 8094.74765478 13584.2706471 8782.69030258 13038.777625 10844.1963994 10159.8008374 10984.9227136 10025.6530351 8516.61896038 11952.8846584 7970.1999958 13744.2606888 13334.5628201 13199.5152735 12376.9776398 9630.53513188 9223.86087814 13495.0417313 11846.5380339 3996.0830953 9923.41722985 13646.9080882 12684.2876443 9652.84426967
8595.5229054 3138.84651046 3140.19977136 6692.39507046 7377.08126671 7926.9138039 7655.35925243 9571.75158308 11215.4038021 2188.93387267 3147.03554432 1779.11319523 2874.24690102 0.0 8351.71709181 8215.78391701 5477.95147205 6848.75330458 12604.0398788 6577.45922713 12196.4381712 10690.107488 4386.05772656 12884.9462447 5757.20096145 13023.2057596 10555.8559387 2604.42811597 3975.64624229 11103.9969423 11377.5809207 5482.88836461 10142.7704942 10143.620455 9461.40121504 9735.78753459 8365.03403516 10423.0057426 13715.5073013 10836.185343 12757.8794382 13719.6006969 13721.2620775 13448.6313688 10019.3700664 9471.51228873 7276.29956825 3981.86201123 1648.24332652 13461.8015152 13738.9998711 13741.5333806 11957.2171555 10035.0406116 10861.7958883 5778.70612903 8395.86664573 9636.64655067 11015.2704645 12671.2546318 12400.0349049 8957.58988515 7305.44601102 7858.21976543
13371.0166568 13375.5125701 5870.97839501 11199.1292208 9016.46309249 12572.3055908 8474.60802351 11758.4814377 11624.5349849 3145.84851799 1368.26473576 5473.66328258 1505.40932349 0.0 7118.74771347 7530.05109133 8078.84447264 11777.7066468 6026.65541829 9178.15864735 5753.93202625 7536.0613151 3973.95013053 13155.6073911 6167.36058097 11101.2162316 8908.07436131 9867.68222643 4522.54529405 8907.99144084 10552.612978 2329.6856357 11647.4706026 10413.8505815 12060.5947646 12476.2839691 10283.4136487 4936.68217363 10559.5602353 7680.04436175 9464.12229615 13717.6715548 9740.7875386 12074.53329 11664.7117916 8784.0088444 6452.08717085 6864.57397049 2471.79888884 10025.9206558 13324.3968462 11403.4095336 5221.45319857 0.0 0.0 0.0 6743.36715248 12111.9140947 12527.1339275 11290.2546923 11705.550642 12811.437521 13780.3235181 12404.6802089
11051.8855769 2729.75220455 3413.25585849 3004.58115225 10519.1820343 10521.8343209 11481.1778066 8476.36056509 8614.77055977 4239.70820346 820.845513418 8208.77357274 2873.40550516 1368.43305193 3421.8953629 8898.00573141 12458.7595953 10680.6426009 9175.49456866 13559.4352958 13285.8455402 7259.82106153 274.021586082 7398.34880756 11371.6594236 8769.09927087 13701.567841 10139.4674663 10961.4538984 2192.28362572 0.0 0.0 7945.75832537 8767.24631613 13698.06695 13704.8834065 13297.6963383 10282.439047 10694.8364636 13712.7159278 9874.32938865 9052.40594758 11659.6948563 8368.77122758 6860.21203373 10703.6591914 3019.32035626 5628.07498568 11807.2559544 10847.7130201 12772.5237379 12637.1908834 6594.20785522 0.0 0.0 0.0 550.42034852 8669.75290183 4679.80514751 6745.55726157 1376.81783158 413.16315146 1790.74722066 8681.09669895
11598.2122401 8053.38876197 4095.63884793 8877.16797994 13660.4636368 9974.64703805 13393.7462098 11346.0882592 10664.7894245 3008.34026379 1778.0212446 5609.02952756 3146.80225526 9168.0226972 9306.18382575 13139.6271013 13688.8730832 11910.7437695 11364.5825195 13145.7315521 12872.064204 8353.89843093 136.940793262 7807.02552869 13149.4595728 13286.8511054 13698.0712548 13698.1284316 9588.65818631 0.0 0.0 1780.53314519 11641.7407483 8901.9604912 12599.0240258 13283.6498808 11374.7148712 5483.35249969 7814.2867373 10008.8642693 3702.29791581 10148.0308095 13578.1827699 12208.2555384 13718.9189871 11251.1959386 13311.2009907 13038.6318891 13177.9897414 13729.1661529 10710.271827 8926.8761771 274.721204902 0.0 0.0 0.0 0.0 0.0 0.0 0.0 0.0 0.0 0.0 137.729462546
