agricultural_afforestation/data/test/aa/txt
ncols     198.0
nrows     203.0
xllcorner     857533.25
yllcorner     4277182.625
NODATA_value     -9999.0
cellsize     1000.0
[rows 87 to 115 of 203, columns 64 to 127 of 198]
1917.03976197 8451.2719164 7959.03760537 4378.6621843 0.0 0.0 0.0 0.0 911.930347816 784.894875078 4843.73418531 655.562980796 0.0 0.0 0.0 0.0 0.0 0.0 0.0 0.0 0.0 0.0 0.0 0.0 1342.26614698 9535.6272801 0.0 0.0 0.0 0.0 1755.68093599 5409.57755909 135.390288098 0.0 0.0 0.0 0.0 0.0 0.0 0.0 0.0 0.0 2735.6788327 547.475099362 684.959068446 9321.99665535 1508.94745195 686.584097652 7418.32795567 2885.36354966 0.0 0.0 0.0 824.491735808 10716.0216501 13739.4713108 12090.7198243 12502.0058483 13738.403702 12776.0881584 6593.78336271 412.242272068 0.0 0.0
512.463037006 8720.37302842 5655.6546819 515.73346051 516.21761289 0.0 0.0 1823.66157876 2742.61152896 2225.05091006 0.0 0.0 0.0 0.0 0.0 0.0 0.0 0.0 0.0 0.0 0.0 0.0 0.0 0.0 2687.79991238 4973.84858027 0.0 0.0 0.0 0.0 0.0 812.260852146 5692.27870544 7463.37716886 0.0 0.0 0.0 0.0 0.0 0.0 0.0 1094.13899669 9443.43991796 4519.59363058 0.0 0.0 0.0 0.0 0.0 0.0 0.0 0.0 3300.5833822 5638.22518107 8938.69133367 13750.0670582 11000.2805641 7562.221703 7286.00192276 7286.4954955 6735.40489689 1786.75969313 411.930296936 3844.30757057
1667.21116766 11174.1113579 5020.72937356 0.0 0.0 0.0 0.0 783.540179806 1177.01904374 0.0 0.0 0.0 0.0 0.0 0.0 0.0 0.0 0.0 0.0 0.0 0.0 0.0 0.0 0.0 538.029570724 3904.28032035 2293.44287842 3511.63033396 135.176215012 0.0 0.0 4067.89598104 5835.26156808 7197.59318201 6798.16582748 136.09068541 0.0 0.0 2321.03806796 409.828580438 1914.69967605 0.0 7396.29941869 10418.8832586 3567.23553581 0.0 0.0 0.0 0.0 825.591170414 1100.82943971 2202.03189147 7430.6996031 11008.1941753 10870.569406 11282.9596928 9494.32061924 10182.7505565 7841.47168232 6460.90919969 0.0 1236.53413434 10851.6887464 7141.85505079
4880.02639158 11837.1558425 3092.96593583 0.0 0.0 0.0 0.0 261.134936308 0.0 0.0 0.0 0.0 0.0 0.0 0.0 0.0 0.0 0.0 0.0 0.0 0.0 0.0 0.0 0.0 0.0 0.0 2160.18700313 6351.4351567 6089.48944985 3117.76420388 6103.73932569 8140.6619051 950.07087409 0.0 3673.97805847 7356.21003241 0.0 0.0 1092.22205488 2734.02541328 8073.21992868 3423.67146792 6718.27229918 7818.78532843 3568.94606248 0.0 0.0 0.0 0.0 2064.48643791 3578.68810688 7158.86580179 8948.99369907 6057.27901304 3028.51676466 8537.16523357 13626.1746085 11828.0818235 7148.06241436 274.871234756 2062.05989437 10308.2062812 12643.5469491 1099.3470714
1929.3405814 1802.41108631 0.0 129.651365206 0.0 0.0 0.0 0.0 0.0 0.0 0.0 0.0 0.0 0.0 0.0 533.63092853 400.42713989 0.0 0.0 0.0 0.0 0.0 0.0 0.0 0.0 0.0 0.0 0.0 2438.67046451 5152.76020057 135.654348898 0.0 0.0 0.0 0.0 2045.39436404 4094.12863576 0.0 0.0 0.0 684.64570664 4658.4230147 3428.64536564 3019.49315397 274.594933824 0.0 0.0 0.0 0.0 0.0 0.0 3168.44091268 7026.36594801 9506.36028503 2752.23111263 11559.4896052 13755.1903421 7152.31193049 1512.69197177 2200.71650065 9351.19691615 13751.3192157 7425.55022784 275.056636198
0.0 0.0 0.0 0.0 0.0 0.0 0.0 0.0 0.0 0.0 0.0 0.0 0.0 0.0 0.0 4538.37267829 534.124100406 0.0 0.0 0.0 0.0 0.0 0.0 0.0 0.0 0.0 0.0 0.0 0.0 0.0 0.0 0.0 0.0 0.0 0.0 0.0 0.0 0.0 0.0 0.0 1781.88183736 8503.14500336 6313.63206933 0.0 0.0 0.0 0.0 0.0 0.0 0.0 275.629434358 6753.17105067 10057.7448912 10048.1828405 12799.3775067 10734.4059291 12109.9792522 11834.4133462 1513.80645924 12796.7539669 11970.7494531 13758.3223221 7291.29933241 550.198867708
0.0 0.0 0.0 0.0 0.0 0.0 0.0 0.0 0.0 0.0 0.0 0.0 0.0 0.0 1335.86923482 5480.0144694 0.0 0.0 0.0 0.0 3634.00326749 3368.97279046 0.0 0.0 0.0 0.0 0.0 0.0 0.0 0.0 0.0 0.0 0.0 0.0 0.0 0.0 0.0 0.0 0.0 0.0 3153.1618029 3704.42396638 5630.40215693 7008.2651045 0.0 0.0 0.0 0.0 0.0 965.001010104 3031.25069987 4957.77544203 0.0 7434.80506586 7297.00349649 8811.73860164 11702.7928666 6745.92079203 2753.48398189 10462.0247338 10599.4450441 7708.03416841 7157.9318527 5506.29163395
0.0 0.0 0.0 0.0 0.0 0.0 0.0 0.0 0.0 0.0 0.0 0.0 2396.37308597 3068.89636184 6419.28664538 1471.66816649 0.0 0.0 268.959754966 0.0 1617.10831054 1213.63120217 0.0 0.0 0.0 0.0 0.0 0.0 0.0 0.0 0.0 0.0 0.0 0.0 0.0 0.0 0.0 0.0 0.0 0.0 2607.60051281 1922.92545076 2199.09999873 5363.34999593 2063.93631754 4129.96197077 4268.58343469 0.0 0.0 6061.70025135 6610.97780556 3581.2353399 0.0 3168.10723853 10881.5088615 7299.92631528 13085.2848897 2479.31145467 3305.8388344 7988.81207449 11293.4951459 5371.27237772 6197.24834993 12393.8931035
0.0 0.0 0.0 0.0 0.0 0.0 0.0 263.993285824 1850.58430993 662.130039494 0.0 0.0 267.192543018 9357.56155341 9103.70728059 0.0 2285.95967761 672.401432066 1750.44234324 0.0 0.0 0.0 0.0 0.0 0.0 0.0 679.843898544 544.633450614 1633.87571119 0.0 0.0 0.0 0.0 0.0 0.0 0.0 0.0 0.0 0.0 0.0 5354.88562881 13466.7015766 13749.9424903 8528.59484408 2064.4680416 10051.9162543 1239.67467439 275.701978904 275.710468514 0.0 0.0 1102.29981051 1515.9850359 5511.83558114 9645.86391748 9370.93563661 11575.1693661 4547.67867198 13366.2422963 13779.2755633 13778.9242194 11987.6088675 13502.5403175 9368.18734476
0.0 0.0 0.0 0.0 0.0 0.0 0.0 0.0 529.48116706 132.461704068 0.0 0.0 5347.95249045 6691.67707109 7915.23127783 9139.76196329 4980.85195029 5927.6073405 2426.14113334 134.927253788 0.0 0.0 0.0 0.0 0.0 272.101152322 4626.63388899 1907.29162464 0.0 0.0 0.0 0.0 0.0 0.0 0.0 0.0 0.0 0.0 0.0 0.0 7281.89735815 4949.170519 9905.61415226 10461.0263062 8401.10817582 11848.094329 8682.71654851 5652.93110779 8826.24931715 7858.11250002 8960.23590421 8547.06919414 9236.44411534 13509.7878464 11718.0913725 6754.97983691 5651.9437371 12269.2683342 12269.3301765 9098.24804911 11993.2770231 9511.26928052 11027.5276913 7443.62098173
0.0 0.0 0.0 0.0 0.0 0.0 0.0 0.0 0.0 0.0 0.0 0.0 0.0 0.0 3360.55941451 7677.74016294 11058.3454945 7286.84897009 135.118420056 0.0 0.0 0.0 0.0 0.0 2448.85049696 3540.52533534 5449.4924458 408.79866203 0.0 0.0 0.0 0.0 0.0 0.0 0.0 0.0 0.0 0.0 0.0 0.0 5226.03815338 9081.60333388 8948.35947564 13771.6660208 13777.472395 3445.24609957 3998.4376936 3585.44550128 4965.41003791 9234.35805967 3309.08248749 12410.7166398 11445.8877499 9101.55195463 12135.9504042 1103.17701395 6895.87749327 8551.22901715 8688.52428814 8550.83493328 13791.5486815 13791.3686205 13791.119789 10756.5167643
0.0 0.0 0.0 0.0 0.0 0.0 0.0 0.0 0.0 0.0 0.0 669.895689788 2683.0259678 134.417740882 7546.47928376 8366.86639552 9050.7502761 8655.90749169 4469.35003179 1084.62712449 0.0 0.0 0.0 0.0 0.0 1908.15020973 1909.36134787 0.0 0.0 0.0 0.0 0.0 0.0 0.0 0.0 0.0 0.0 0.0 0.0 137.563130224 8531.87257357 12390.2211644 7988.45376938 13778.6659995 8406.8264873 5650.05324644 3168.97924225 2893.42071555 3857.87839239 11987.8757516 11575.3236375 13100.495966 9656.6111611 9105.53124608 2483.27223228 1793.75553797 11451.6919455 10899.678828 11590.2169287 13797.6895592 12969.6899912 7864.23403324 3725.15782639 12003.5317278
0.0 0.0 0.0 0.0 0.0 0.0 0.0 0.0 0.0 0.0 0.0 0.0 1343.56265027 7949.3681434 10391.887388 6757.15532424 11366.531251 7991.7778533 2441.12304931 0.0 0.0 0.0 0.0 0.0 0.0 0.0 0.0 0.0 0.0 0.0 0.0 0.0 0.0 0.0 0.0 0.0 0.0 0.0 412.9072972 10598.9477689 13493.2592529 12534.7985866 6889.43975638 13366.1128834 12539.438261 8819.59423039 7855.59894809 12266.5666643 10475.3122062 6891.47399864 12405.5391269 6340.53565577 9929.53361838 4554.27240004 0.0 7453.55903519 12698.6847764 8557.84792484 13251.3171788 12699.1704152 7039.68299289 9386.78598956 7868.35418451 9111.02581355
0.0 0.0 0.0 0.0 0.0 0.0 0.0 0.0 0.0 0.0 0.0 0.0 944.207932794 9178.11731146 13387.13448 8399.75693007 10576.1559884 5701.07453705 5435.51567351 951.618466318 0.0 0.0 0.0 0.0 0.0 0.0 0.0 0.0 0.0 0.0 0.0 0.0 0.0 0.0 0.0 0.0 0.0 2340.41710441 3442.26246533 11846.0599431 6199.3932935 3720.83337262 13781.3241607 12128.9046879 12819.2610255 13509.4873253 7168.69256099 11305.301452 13787.8024471 9652.21457401 10893.1733923 12824.2330912 5377.85181846 0.0 3590.04517598 10079.2157209 11598.9752866 3038.26297063 13394.9067228 5799.87029851 828.682499054 9942.88305153 8424.23631803 11738.3605108
262.01804717 0.0 0.0 0.0 0.0 0.0 0.0 0.0 0.0 0.0 0.0 134.922381204 7425.58847918 8791.7798452 8129.68573121 6924.01819289 12632.9714513 9653.76116363 5308.57595418 136.111417684 0.0 0.0 0.0 0.0 0.0 0.0 0.0 959.876231782 137.134076236 0.0 0.0 0.0 0.0 0.0 137.59190142 0.0 0.0 688.56329787 7440.19007705 11577.3107602 5926.62900142 8959.9524719 8960.86867804 13787.1905483 13788.5224046 13789.7295906 11308.3321986 12412.6702362 13792.6072658 11448.212106 6069.61542636 10207.5417208 8001.32349248 4690.41858839 1103.63493671 9805.01457539 13537.3384199 4282.07944322 8702.869828 10223.0268386 12848.5292002 11053.0256113 10914.8508639 6769.93693242
262.062205116 0.0 1187.8447297 0.0 0.0 0.0 0.0 0.0 0.0 0.0 0.0 5804.98784323 10549.556645 9215.11557367 9100.04707702 11833.754379 3675.28304312 2588.22180218 272.753407436 545.804563056 0.0 0.0 0.0 0.0 0.0 0.0 4800.37965679 4391.99007321 7413.95356684 0.0 0.0 2337.48928588 4677.83070811 7982.00116601 11151.2874666 6473.44875212 5511.78282675 8132.42771542 11580.2942406 12272.8757315 12546.2692009 13374.8947553 11721.5646743 7861.14686133 13517.3198985 6345.56726727 9657.22263574 13382.755185 9796.10853023 689.882590148 8693.50160617 1931.91090923 1931.75600912 413.948651992 2208.32796431 1932.12754992 13122.1549758 11055.8046526 2901.90241582 138.231178188 9675.25883927 10642.3752857 9675.80720727 13822.2150413
0.0 2372.15708543 660.369179312 0.0 0.0 0.0 0.0 0.0 0.0 0.0 0.0 7437.15191897 9347.27696586 8009.35628821 8027.51457855 8585.54135065 7776.57157307 3003.87692157 0.0 547.48007267 0.0 0.0 0.0 0.0 0.0 0.0 8649.28605358 7831.11644589 10581.3353425 2749.91936848 4540.16599703 1926.06996694 5506.15432284 11293.4373244 11847.4226393 7166.02625713 13786.5179524 13790.9719868 13795.1689602 13794.9060407 13239.6924075 13103.5360278 8828.62329217 5518.33390309 10210.4127258 13385.2391865 4830.23517702 12283.1079339 11455.7556013 6073.7765704 11043.5197039 1380.45457408 0.0 0.0 10493.0261504 3589.95937269 10769.4284033 2763.53861943 0.0 5392.89368753 13550.493084 12582.8722314 12583.5241079 8435.42976179
0.0 263.49640004 0.0 0.0 0.0 0.0 0.0 0.0 0.0 0.0 5541.91488831 11917.5412944 10997.3740281 7617.55995854 10636.1606838 3550.19285235 273.20569357 136.632526432 1780.24578 9178.27903815 685.284896396 0.0 0.0 0.0 0.0 0.0 7148.26589123 9212.18239549 10317.2053845 12523.8146212 10462.146517 963.940302088 11298.232817 10474.8418969 10339.7422982 8275.28842344 13795.8597424 9797.07662118 10904.918892 10625.7910284 827.630587752 7864.42912399 0.0 2484.47187198 6487.34411573 13804.0333224 2484.86097256 3037.72259933 8837.24747227 11461.3103183 6766.59749731 8976.88168085 3176.6967646 0.0 11325.5888788 13121.6281355 9530.3477203 0.0 0.0 7053.77737408 7469.15107524 1936.98710833 10513.5018489 10513.9248779
0.0 0.0 0.0 0.0 666.450457662 0.0 0.0 0.0 0.0 0.0 5006.86902444 12342.5211623 8838.68657058 8042.16950474 1091.95605619 0.0 0.0 0.0 2193.00338862 7953.76704234 10292.7600228 4805.59706062 7280.76524878 3298.77310317 0.0 0.0 2888.63237118 2478.45471158 4406.95685553 5508.70293396 12401.9652076 3171.09161382 13375.3886745 13517.2176233 3862.90002775 10212.5518413 12009.9688871 2071.14836837 10910.726175 8420.25851242 6072.93003401 10352.4054622 10215.5501097 7731.63168925 4556.73055916 8009.19260419 10909.7420248 1242.97268601 5524.76530625 12155.8950343 5111.5830389 10499.8264454 414.406717522 829.030739214 11744.8179314 9948.91754754 1796.51273087 276.430580158 0.0 3869.92887222 8991.54452057 8303.21152324 13147.6813448 2767.62675227
0.0 0.0 0.0 0.0 3336.30558853 3877.4909495 0.0 0.0 0.0 0.0 0.0 5704.56226804 1497.2497589 818.364963092 0.0 0.0 0.0 0.0 0.0 0.0 9756.05900284 7422.6207642 13063.746083 11830.4750472 9771.30965863 2753.59609252 3030.97666595 12813.2282744 4410.74421903 5515.64569307 13791.2848953 12967.7216322 9522.07264044 8695.03358198 276.115413504 4972.1196207 11465.915992 7046.70273977 11884.1163482 10767.0430527 9939.73506387 13807.503999 11737.5970676 9529.19498104 12293.0561379 12847.1283149 7598.80440403 11744.0987835 967.232468232 11469.742336 3040.72630048 10089.0135674 0.0 3870.73333978 8293.91422457 7879.4979196 3594.12425507 5391.74804897 3318.40295918 10230.9060529 7189.26108966 8027.28568628 13844.9568002 3600.1784153
0.0 0.0 132.986084034 6130.36375118 9614.73248347 2274.42038541 0.0 0.0 0.0 0.0 271.684237028 4899.11671264 3679.76418505 8063.15086627 821.420489808 0.0 0.0 0.0 412.842154784 5639.19289635 275.026393462 3027.74336783 3029.54936874 4131.01628096 551.322086228 551.491539988 1930.16971468 9515.9729343 12276.9283748 7174.98174037 8971.75803484 12701.3398671 13809.7110202 9117.46235771 5251.02781609 9950.05869685 10227.9739214 6496.78761697 12301.4621906 10908.9915906 7871.84169054 13812.404622 10498.5551486 4006.62834708 10086.7551908 13818.9550273 12576.4777317 9675.08665331 1105.92861981 13824.2021097 7741.92853354 1658.90913733 2350.90211281 11892.3278787 5116.55924197 4840.23215886 2904.06082427 2351.0690419 9543.19142965 8160.03499018 6224.3908296 8853.03189285 9685.01122677 11490.358216
0.0 0.0 6121.6876744 10270.6408449 7085.61789048 1206.70485572 5782.02413685 8215.76263745 0.0 0.0 815.2608932 9936.19728169 9822.41974499 6698.12157273 1095.57268133 0.0 0.0 0.0 2340.68682938 6057.30118261 6610.62432982 7576.85034221 12400.907078 11027.1157479 10204.9574758 4275.93150277 11728.5229848 12007.4620935 7592.44002088 7457.41016834 9254.43771952 7047.18192628 8706.28043294 13131.2153076 13825.1400813 10647.3073329 6084.92564091 5255.73975656 12995.7863864 7458.75898537 6631.16678696 13817.3484182 13819.1182158 11332.7492427 12716.7020034 12026.8962502 13410.7780917 11061.2508938 5116.88628066 9957.48558819 5808.68018765 5118.34472261 7193.20749501 13141.8974691 9546.03286443 11345.2934514 2213.95797165 1660.66601676 7748.60758829 11346.688911 8857.48008101 9549.65960841 5536.45018528 7335.51893327
0.0 0.0 3196.03238257 3870.423378 1071.9153931 4965.91116845 7669.79021643 1212.48299434 0.0 0.0 3400.01134848 10081.1848987 3821.40378657 3558.23936795 3016.34472395 5904.32833849 0.0 4817.85788553 12808.7792439 12403.024932 8544.61821373 10615.5625669 9929.87982782 4001.61063411 6211.40899933 11320.5192334 13394.8734013 7043.48989757 4972.89840152 1657.88824863 1381.82330075 4285.30850854 1658.93537419 11894.8475349 12173.3830475 8024.50860014 0.0 2763.55669944 8015.74889115 552.691302404 5528.66117924 11334.5233234 11197.1331527 7051.54663782 11891.6584767 8573.97362328 12447.6292938 11204.2398455 968.421552742 11898.0851604 9962.21460118 13560.5499845 13146.5465968 10241.4448288 10518.55981 9826.60721746 9412.39610538 3737.69322895 4706.69325871 6507.53594752 4707.16160815 13706.8083518 13845.4995391 12045.6610481
0.0 0.0 0.0 0.0 2413.4175227 5640.87334448 7810.67445057 1213.8977203 948.555872288 5429.8613181 12513.4595078 8315.88419145 11336.8738518 3148.96218662 8776.73478815 9750.68687247 5226.48252756 8534.42179065 4685.07541824 9512.56251879 13514.7343391 12417.1889218 8142.34383477 2761.12286488 9529.88796837 10638.8388596 11193.128523 8432.53750124 9955.89188205 138.287429436 0.0 0.0 2905.40067325 4981.95042012 5952.15852449 7886.97493588 5113.45823485 9121.92033934 11887.8024522 1797.43532215 10507.6904114 12168.049904 3042.38347358 4425.50932567 10789.2552867 11897.2367787 13835.7126833 10515.9524318 2767.85858079 5397.25741315 9966.06124271 10520.0292402 10244.5238398 13844.9694135 5814.96981485 4015.46532778 11077.8151338 13709.7928915 8863.59517258 9833.58888741 6370.9784008 5124.95068576 10111.1059124 7895.76060183
0.0 0.0 0.0 669.903875496 5233.36600279 4306.23055725 11191.0909493 8512.13692161 11380.3328141 6788.61815571 10205.985825 1636.18181114 6694.66259891 7259.59818746 9602.72435443 2748.13945329 10043.5238825 13497.1349646 13097.0258667 12276.549128 13799.9274915 13805.9679176 9114.41529879 7460.00690587 9121.24084772 11059.9495739 10372.4147894 10374.9427668 11345.7727475 9964.07852949 276.849672936 8998.80555483 11076.4864157 3319.98696895 10645.7184684 10505.0114494 10783.1090831 4562.72818526 13274.8965631 6914.7721988 13831.317787 7607.40467744 4012.09598306 3182.2373228 3874.12422754 5535.26213653 11764.5969955 3737.20666233 1799.52874994 1246.05677769 7892.08944786 692.425003198 5816.15364247 12603.930715 2216.10547149 0.0 0.0 1247.07497813 7205.26544865 6096.58395891 1385.84416875 13441.549521 9976.88781615 11778.6959249
6243.32509847 9323.30067143 4139.08438234 6701.13682201 9533.53661357 11981.837776 11468.3708085 5273.03590446 9492.02841798 9103.05883072 12256.2461887 7371.02946748 13674.5498793 13699.8720188 13722.9956999 13606.2667668 13761.9811848 12262.1712635 6206.03985867 3725.57098285 12289.6827333 13814.9613872 8844.96124794 9539.80047648 6224.34311259 7471.3592463 5258.59550993 3599.14979989 9414.25270867 5815.55807971 5678.67483273 5124.92805562 5672.4522231 5252.37428605 8019.02160496 6360.8954377 12999.7176906 9820.19901542 11204.371862 7747.56587488 13006.1498037 5535.26093181 6919.71175774 12456.7730105 8859.23088439 7475.53147699 10107.0914463 11770.4212433 5262.08080552 138.481697862 0.0 0.0 0.0 1801.10426975 4988.95535245 1940.45970115 2079.09981283 3188.24356899 2494.76402325 7208.5381324 9704.46140462 8872.16548638 9288.50642584 12338.6885242
12235.3203778 13331.5116835 10962.9806602 4826.18154267 7393.19469825 8085.43357313 3105.93295192 0.0 4207.39578587 7070.89597517 8173.42080293 12699.7438074 13681.1156502 13705.6708259 13728.2430001 13748.6866279 13215.9628956 1929.0247016 6900.48024633 1518.64550743 6079.76429822 4837.11595862 1935.51379622 4150.20977185 1937.08692688 5951.30698622 10246.3951235 13018.5070318 11912.8488382 1246.98545368 4424.85097801 5529.92906496 138.277918532 7053.09284482 12309.7498334 7884.32816496 12312.5356497 9131.83502113 8718.07433735 8165.54099684 13702.955748 11628.4854323 6645.49403849 9830.30659319 1246.31265214 5263.15683995 2493.30194818 4848.12346609 0.0 0.0 0.0 0.0 0.0 0.0 693.06046061 3742.79125223 5268.61890167 9567.82016067 9568.82798571 5685.9434113 11511.1492914 7073.21318016 9708.87313886 13314.6276014
6391.49971275 12410.5732607 11242.6988566 8724.39525631 11570.3706589 5121.49586915 539.991783416 0.0 0.0 1497.90711336 12408.1424916 13252.6775678 13687.6897393 13711.611437 13733.7172102 13753.8997433 13220.8718619 2067.2953825 2071.35133993 2900.74614357 0.0 0.0 0.0 10382.1257816 4569.36431644 2908.96483519 5680.40307967 8176.18281329 12196.3542022 6097.61492959 6500.0100583 7745.63661719 3596.98382289 7747.33215865 3182.04745535 276.70194174 0.0 0.0 4844.81098676 3876.55289271 13707.6593831 10385.3838066 5954.81194835 8587.45814661 9835.0942295 7065.69433796 3186.56551354 415.643594742 0.0 0.0 5684.19724578 1109.12906823 0.0 0.0 0.0 0.0 0.0 0.0 138.71325203 5549.76959052 13181.1237773 3746.05510304 10683.615325 11794.0703607
5063.92988115 5207.02099476 5091.3116679 536.93232544 2154.08861525 0.0 0.0 0.0 0.0 0.0 11461.8550297 13669.3910064 13694.3326581 13717.7175895 13739.4172148 13759.346724 8265.44189198 1104.46046151 1105.20745317 0.0 0.0 0.0 6784.56719515 7478.37563223 6095.87498263 5265.62344305 3326.8024438 11230.2310966 4021.81451249 8736.22325257 6502.7485837 9409.08006793 2906.07220731 1383.85348067 11488.9355627 4430.04824645 10522.2205482 4292.7849409 5677.79645061 10525.2173664 12465.673267 7480.24511191 8035.27715313 3602.55084742 7205.7948326 8592.49454437 6098.80556924 4574.62831467 0.0 0.0 6934.13663524 0.0 0.0 0.0 0.0 0.0 0.0 0.0 0.0 2776.09641145 10687.8319383 277.570918288 9577.89350239 7634.5457454
